SIG
8
-1.110568e-01
3.533852e-01
7.520815e-02
-5.668009e-01
-5.411166e-01
1.481705e+00
7.834979e-01
6.573565e-01
1.021880e-01
9.069600e-02
-9.765241e-02
2.954891e-01
3.794256e-01
-1.227077e+00
7.691414e-01
-5.304235e-01
NOISE
24
9.624061e-01
4.337781e-01
5.955586e-01
7.545481e-01
6.923001e-01
4.439259e-01
6.157502e-01
1.672001e-01
6.487745e-01
2.478444e-01
5.156678e-01
5.663271e-01
7.216443e-01
3.312357e-01
9.905911e-01
3.185552e-01
1.714884e-01
7.919510e-01
5.195463e-02
7.919024e-01
8.616374e-01
1.064264e-01
1.738691e-01
1.483485e-02
2.856426e-01
7.367975e-03
7.620111e-01
8.799262e-01
7.954124e-01
2.656511e-01
6.233861e-01
5.267741e-02
7.371473e-01
3.375605e-01
6.818434e-01
3.219895e-01
2.137310e-01
6.626512e-01
1.168836e-03
7.517132e-01
7.371642e-01
5.545587e-01
9.960799e-01
3.817831e-01
8.515887e-01
9.563503e-01
1.841677e-01
2.770264e-01
SIG
12
1.257428e+00
8.305199e-01
-3.144684e-01
-1.086643e+00
6.209708e-01
2.895577e-01
9.196988e-02
7.351472e-01
1.872274e-01
7.887288e-01
6.181835e-01
-5.689648e-01
-8.763569e-01
-8.993128e-01
9.100146e-01
-4.307171e-02
2.862176e-01
-3.794150e-01
5.531737e-01
3.058673e-01
1.971812e-01
3.263386e-01
-4.536129e-01
8.994396e-01
NOISE
36
3.929275e-01
9.765331e-01
3.324083e-01
5.572909e-01
7.698855e-01
5.507997e-01
2.880973e-01
4.826900e-01
6.654421e-01
9.512927e-01
9.078613e-01
8.483804e-01
7.659570e-01
1.329610e-01
6.611894e-01
5.958098e-01
4.314446e-01
7.245260e-01
9.607322e-01
6.173439e-02
2.739403e-01
5.671248e-01
7.733505e-01
2.286154e-01
4.966058e-01
2.132873e-01
9.726242e-01
2.967963e-01
6.859193e-01
3.708997e-01
3.860982e-01
3.802131e-01
5.553007e-01
3.294858e-01
2.553158e-01
8.654659e-01
7.596880e-02
8.652577e-01
8.365154e-01
4.672581e-01
7.715353e-01
7.602603e-01
1.726664e-01
9.637551e-01
8.805883e-01
6.014096e-01
2.164797e-02
1.817948e-01
2.988345e-01
5.432854e-01
7.058171e-01
3.485513e-02
3.660427e-01
5.726250e-01
3.359872e-01
2.516024e-01
5.639681e-01
8.064498e-01
9.309690e-01
8.348773e-01
9.060607e-01
5.749524e-01
9.467845e-01
4.115971e-02
7.220253e-01
6.347268e-01
1.982980e-01
7.069503e-01
8.886402e-01
7.233431e-02
9.402461e-01
6.249015e-01
SIG
16
1.464277e-01
-5.494815e-01
-9.280998e-01
-4.051642e-02
4.693080e-01
-1.717900e-01
3.025395e-01
1.233893e+00
-9.567430e-01
-9.344999e-01
8.380971e-01
1.288075e-01
4.399790e-01
8.868285e-01
2.668888e-01
-6.959557e-01
-4.031110e-01
6.814805e-01
-9.575386e-01
-2.410601e-02
4.125989e-01
4.015577e-01
-3.573740e-01
1.469945e-01
8.613244e-02
-6.051059e-01
-1.483010e+00
1.126368e-01
-4.986380e-01
6.859574e-01
-5.566483e-01
4.176615e-02
NOISE
48
4.225968e-01
1.443234e-01
3.325177e-01
2.778666e-01
9.695738e-01
2.658200e-01
4.038654e-01
2.682286e-01
7.803670e-01
7.103801e-01
7.576201e-01
2.346335e-01
4.272315e-01
1.547180e-01
1.778687e-02
5.601763e-01
3.987345e-01
1.790517e-01
7.851856e-01
3.096326e-01
5.267720e-01
3.100540e-01
8.762671e-01
8.406251e-02
4.781371e-01
1.173481e-01
7.110176e-01
5.469664e-01
9.489078e-01
6.758188e-01
2.769414e-01
4.658213e-01
6.627034e-01
6.215489e-01
9.659981e-02
7.410704e-01
8.544730e-01
6.770894e-01
7.084973e-01
9.669618e-02
3.858647e-01
5.422813e-02
7.895595e-01
1.857274e-01
3.429539e-01
8.032013e-02
8.186540e-01
1.608413e-01
7.804927e-01
9.701090e-01
3.761677e-01
8.037251e-01
1.492335e-01
8.809410e-01
4.956253e-01
1.557685e-01
6.804373e-01
6.157200e-01
6.068153e-01
7.710764e-01
2.733964e-01
9.751526e-01
4.533663e-01
4.296761e-01
4.992262e-01
5.772950e-02
4.427326e-01
2.363320e-01
1.988179e-01
5.118771e-01
6.392106e-01
1.369203e-01
2.636112e-01
7.183703e-01
5.008481e-01
1.614260e-01
3.627624e-01
1.207047e-01
7.193114e-01
2.725708e-01
6.791019e-01
6.768219e-01
2.611475e-01
4.828803e-01
4.824847e-01
4.065892e-01
8.691076e-01
8.748475e-01
3.647155e-01
5.847599e-01
8.054517e-01
7.472294e-01
2.033563e-01
1.842006e-01
2.462652e-01
8.731117e-01
END
