SIG
8
-8.628723e-01
6.698266e-01
1.500514e+00
1.228798e+00
-4.102993e-01
-3.562606e-01
-8.552651e-01
-1.393121e-01
-1.164249e+00
-9.686178e-01
4.586680e-01
6.748116e-01
-3.236105e-02
2.993684e-01
8.534015e-01
-4.695899e-03
NOISE
24
3.208558e-01
1.672528e-01
8.474409e-01
4.846738e-01
7.000750e-01
5.059597e-01
2.937900e-01
6.283254e-01
6.354513e-01
7.684632e-01
6.397256e-01
6.952370e-01
1.631233e-01
9.637791e-01
6.617809e-01
2.355160e-01
2.135194e-01
9.797900e-01
7.322528e-01
4.717568e-01
6.531622e-01
2.233681e-01
9.591638e-01
2.568562e-01
9.942265e-01
8.432607e-01
5.846645e-01
7.760958e-01
2.795466e-01
2.477725e-01
7.603006e-02
6.322409e-01
6.555864e-01
2.821345e-01
3.957245e-01
6.065689e-01
8.841964e-02
3.721170e-01
3.560893e-01
4.018921e-01
4.683013e-01
1.404629e-01
3.608604e-01
1.211079e-01
4.265065e-01
1.667319e-01
3.209885e-01
2.552644e-01
SIG
12
1.160236e+00
3.293124e-01
-1.301236e+00
7.122375e-01
6.648167e-01
-1.000675e-01
-1.104565e+00
-6.066198e-01
8.611070e-01
-1.032321e+00
-5.389836e-01
6.091446e-01
-6.134415e-01
9.395569e-01
3.908304e-02
1.689713e+00
1.226703e-01
6.433905e-01
1.916380e-01
4.457832e-01
2.330163e-01
2.180636e-01
5.319887e-01
-1.338271e-01
NOISE
36
1.546722e-02
6.161670e-01
9.830122e-01
6.027946e-01
5.111479e-01
4.939643e-01
2.099641e-01
6.385458e-01
7.377216e-01
2.515288e-01
6.547484e-01
5.952269e-01
5.390502e-01
8.664308e-02
9.890261e-01
7.817260e-02
8.854486e-02
1.551916e-02
9.542485e-01
5.481000e-01
6.059510e-01
1.275772e-02
5.491302e-01
5.058738e-01
8.030646e-01
5.091319e-01
7.579039e-01
9.789784e-01
9.133253e-01
3.249340e-01
5.495071e-01
8.508048e-01
7.237554e-01
7.329903e-01
9.414074e-01
6.732397e-01
4.883781e-01
3.431519e-01
8.683345e-01
3.419505e-01
3.505303e-01
2.238702e-01
6.788680e-02
9.375033e-01
3.001144e-01
9.218616e-01
2.215372e-01
4.510965e-01
2.298955e-01
4.757819e-01
2.714009e-01
3.537447e-01
3.636536e-01
6.570713e-01
2.796511e-01
5.997997e-02
3.689857e-01
2.624916e-01
4.205707e-01
1.999658e-01
7.818266e-01
1.331003e-01
3.422039e-01
3.139171e-01
8.788977e-01
5.484147e-01
5.667446e-02
8.127302e-01
6.590022e-01
1.171857e-01
2.794460e-01
5.307114e-01
SIG
16
-8.245698e-02
4.884034e-01
2.937379e-01
-1.095257e+00
-8.589503e-01
2.609443e-01
2.689748e-01
3.299922e-01
-4.056824e-02
1.055661e+00
5.053975e-01
-1.583689e+00
-1.847019e+00
-7.296093e-01
5.787259e-01
1.514826e-01
-1.544485e-01
5.115467e-01
1.191281e+00
-6.553363e-02
2.195217e+00
2.272299e-01
4.183037e-01
-6.227345e-01
1.052628e-01
4.208237e-01
-5.467325e-01
-9.302827e-02
6.622764e-01
-2.754566e-02
5.805222e-01
3.536912e-01
NOISE
48
7.341020e-01
1.569720e-01
7.789779e-01
3.185895e-02
4.221170e-01
1.541951e-01
5.076739e-01
1.752662e-01
4.015878e-01
9.362084e-01
2.913712e-01
1.439386e-01
9.133066e-01
9.244986e-01
1.766934e-01
3.793181e-02
3.841875e-01
7.610267e-01
5.090836e-01
4.986040e-01
6.596159e-01
1.565854e-01
7.076926e-01
5.662078e-01
8.344443e-01
7.938913e-01
2.513938e-02
4.474379e-01
2.963078e-01
4.238890e-02
8.069624e-01
6.785623e-01
4.719669e-01
2.219743e-01
2.996059e-01
5.369689e-01
2.541071e-01
2.529931e-01
7.521041e-01
2.590679e-01
1.174757e-02
4.584296e-01
2.240422e-01
8.570145e-01
6.428705e-01
1.379393e-01
7.899984e-01
5.694577e-01
1.222088e-01
5.814000e-01
2.839646e-01
9.296282e-01
3.711343e-01
3.109929e-02
9.097697e-01
1.663324e-01
4.203071e-01
3.513288e-01
5.093940e-01
2.860732e-02
2.212226e-01
6.873940e-01
6.857929e-01
5.084835e-01
2.308867e-02
7.100097e-01
9.761003e-02
2.215592e-01
5.339172e-01
6.193751e-01
4.333394e-01
5.421443e-01
9.099666e-01
7.400319e-02
1.786931e-01
7.765364e-01
6.357550e-01
1.421063e-01
6.260664e-01
9.357281e-02
7.752391e-01
7.913721e-01
2.786201e-01
5.743828e-01
9.266003e-01
3.411947e-01
5.687516e-01
7.447298e-01
8.142462e-01
9.053576e-01
8.838973e-01
7.940017e-01
9.646174e-01
9.626933e-01
2.898622e-01
8.827241e-01
SIG
20
6.962322e-01
-7.925784e-01
-3.238710e-01
6.511799e-01
-2.995583e-02
-2.661644e-01
9.824410e-01
1.676422e-01
-3.241027e-01
2.197142e+00
4.492754e-01
1.149476e+00
-2.862139e-01
1.206019e-02
-3.545154e-01
3.802274e-01
-4.720437e-01
-5.243626e-01
-5.562930e-01
-2.345088e-01
-1.325569e+00
-1.499399e-01
5.695930e-01
3.715354e-01
1.879743e-01
-3.179680e-01
4.183330e-01
4.921316e-02
4.004675e-01
4.360528e-01
-1.150704e-01
8.696124e-01
-3.373705e-01
4.222008e-01
-1.823595e-01
7.524900e-01
-1.070102e+00
-1.690243e-01
8.094837e-01
-1.710933e-01
NOISE
60
3.919781e-01
6.606015e-01
4.475922e-02
5.214062e-01
3.337409e-02
4.224730e-02
5.076602e-01
7.037829e-01
4.829895e-01
7.347792e-01
9.355274e-01
9.482377e-01
6.149683e-01
9.355958e-01
4.877586e-01
5.551182e-01
2.965017e-01
8.396120e-01
5.067732e-01
3.940934e-01
6.590889e-01
5.259470e-02
4.998968e-01
8.167786e-01
8.562537e-01
7.913031e-01
7.593522e-01
2.114650e-01
8.348406e-01
8.509911e-01
2.085740e-01
6.699165e-01
9.150398e-01
3.721842e-01
4.599157e-02
4.644494e-01
7.031172e-01
9.310979e-01
2.185316e-01
2.428292e-01
2.683150e-01
1.809028e-01
3.991867e-01
9.525976e-02
1.430544e-01
8.797309e-01
3.470486e-01
8.782141e-01
3.303112e-01
8.161717e-01
9.213116e-01
4.367602e-02
7.226789e-01
9.862237e-01
3.294536e-01
4.178282e-01
9.049689e-01
4.597891e-01
4.510575e-02
2.777934e-01
4.651348e-01
3.834065e-01
3.080636e-01
5.597832e-01
7.744111e-02
3.452658e-01
9.934445e-01
3.534600e-01
4.796514e-01
5.289313e-01
8.630246e-01
5.095447e-01
9.464678e-01
9.447025e-01
7.019064e-01
1.983090e-01
1.144401e-02
9.202561e-01
4.969456e-01
2.350396e-01
2.243328e-01
7.719960e-01
4.195046e-01
7.711711e-01
2.493329e-01
7.980459e-01
4.657690e-01
1.083201e-01
8.513217e-01
5.577507e-01
8.816114e-01
1.618918e-01
9.173646e-01
6.667307e-01
9.693816e-02
1.660038e-01
4.374532e-01
5.404427e-01
8.062858e-01
2.563644e-01
5.203798e-01
2.284707e-01
8.302124e-01
8.621839e-01
5.754175e-01
9.614464e-01
3.973648e-01
8.791107e-01
3.651844e-02
3.034055e-01
3.660086e-01
1.001199e-01
1.427422e-01
1.401296e-01
9.237144e-01
7.571451e-01
8.358747e-01
7.044507e-01
7.143387e-01
9.506161e-01
SIG
24
-3.339004e-02
4.526278e-01
-9.873930e-01
4.859395e-01
-9.033609e-01
6.677703e-01
1.114166e+00
2.315281e+00
-5.134397e-01
1.164539e+00
8.118214e-01
5.979306e-01
1.795972e-01
4.040604e-01
1.135654e-01
1.273278e+00
-1.273151e+00
-1.669228e+00
1.020722e+00
-8.693831e-01
7.441471e-01
1.265976e+00
-4.154255e-01
-1.381097e-01
-4.668874e-01
-4.901662e-01
-9.031569e-02
1.557490e+00
-5.268954e-01
3.141323e-01
1.118921e-01
1.539122e-01
-6.620558e-01
4.247094e-01
1.426785e+00
1.219695e+00
-3.905135e-01
-3.671414e-01
-1.011512e+00
-5.794277e-01
-9.050191e-01
1.054785e+00
3.711735e-01
8.781596e-01
2.064556e-01
-7.651095e-02
-8.870001e-01
-6.392079e-01
NOISE
72
3.491781e-01
2.770846e-01
2.489410e-01
7.770669e-01
2.299516e-01
6.438953e-01
8.827032e-01
7.629831e-01
8.718614e-01
4.185862e-01
2.652850e-01
2.752008e-02
8.869957e-01
8.973911e-01
8.362614e-01
4.581759e-01
9.359805e-01
1.714485e-02
6.002815e-02
5.008721e-01
8.961706e-01
1.556786e-01
2.285264e-01
9.598130e-01
2.716146e-01
6.364699e-01
6.378826e-01
4.836770e-01
6.104050e-01
9.427569e-01
6.564238e-01
8.312969e-02
4.688640e-01
2.747026e-01
5.734647e-01
3.920212e-01
6.098439e-01
2.239695e-01
9.839917e-01
2.783813e-01
9.054421e-01
9.681074e-01
5.573492e-01
9.242764e-01
1.346372e-01
1.763107e-01
7.804422e-01
3.754733e-02
3.268719e-02
6.745416e-02
5.932526e-01
7.352879e-01
5.525479e-01
4.662176e-01
3.436333e-01
4.985376e-01
2.837674e-01
5.756249e-01
1.547367e-01
8.113584e-01
9.128839e-01
8.488684e-02
4.713196e-01
7.177061e-01
9.392762e-01
1.628900e-01
1.376293e-01
4.151766e-01
1.529289e-02
3.260012e-01
3.376700e-01
8.980797e-01
2.755759e-01
3.229738e-01
5.862598e-01
4.602180e-01
5.138719e-01
3.602758e-01
2.569922e-02
9.071441e-01
1.095282e-01
2.093365e-01
3.715562e-01
6.930857e-01
4.650085e-01
2.324541e-01
1.784461e-01
3.212961e-01
2.660184e-01
6.046305e-01
8.840227e-01
1.405454e-01
5.355557e-01
9.694667e-01
2.017525e-02
6.936923e-01
5.758498e-01
1.310605e-01
9.370629e-01
1.845407e-01
7.606504e-01
7.954299e-01
1.044189e-01
7.644825e-01
4.570012e-01
1.123256e-01
1.404353e-01
3.985833e-01
1.292815e-02
6.610498e-02
9.994807e-01
3.052914e-01
3.988119e-01
2.998296e-01
1.337333e-01
4.535952e-01
9.897463e-01
5.761776e-01
8.186306e-01
2.819022e-01
1.310177e-01
5.453906e-01
5.709568e-02
3.305727e-02
2.824148e-01
6.224896e-01
6.797652e-01
6.301120e-01
8.752317e-01
2.461714e-01
2.025644e-01
4.620567e-01
7.453529e-01
1.657938e-01
6.954298e-01
5.517484e-01
2.488614e-01
2.920646e-01
8.232286e-01
3.939369e-01
3.114184e-01
5.170180e-01
5.904278e-01
1.928441e-01
SIG
28
3.838244e-01
-1.408516e-02
1.295784e+00
-8.334633e-02
-3.348234e-02
-1.311674e-01
1.625444e+00
7.583005e-01
-3.996990e-01
5.199116e-02
4.949786e-01
4.928543e-01
-1.515562e+00
6.031626e-03
3.877828e-02
-1.778690e-01
4.291581e-01
6.403074e-02
-1.539007e+00
1.312031e-01
-1.463391e+00
1.395065e-01
1.124794e-01
9.082286e-01
-9.153934e-01
1.937509e-02
-1.660940e+00
5.086587e-01
8.885298e-01
1.399282e-01
-6.133013e-01
-7.590730e-01
-1.863701e-02
-4.825584e-01
2.154911e+00
2.954278e-01
-1.267687e-01
-3.161423e-01
-2.918188e-01
1.150784e+00
-4.184752e-02
-5.698282e-01
-5.557757e-01
6.375885e-01
6.456519e-01
1.055107e+00
1.291490e-01
4.899357e-01
-4.667296e-01
1.849127e-01
-3.190235e-01
1.144095e-01
-4.421246e-02
-6.274316e-01
-3.327069e-02
-4.734730e-01
NOISE
84
2.738424e-01
8.526771e-01
2.860755e-01
2.015400e-01
5.421616e-01
2.045244e-01
1.116993e-02
3.774386e-01
8.403123e-01
6.936833e-01
2.997320e-03
2.725048e-01
3.616005e-01
4.237426e-01
7.095774e-01
3.804056e-01
8.979204e-01
6.326161e-01
9.382549e-01
6.582525e-01
5.106819e-01
9.126508e-01
3.349997e-01
5.799883e-01
3.540632e-01
7.074599e-01
7.196391e-01
7.487151e-01
6.044922e-01
1.468077e-01
3.488075e-01
2.463527e-02
3.238434e-01
5.359567e-01
5.780925e-02
4.476701e-01
1.522300e-01
7.186004e-01
7.032905e-01
6.473299e-01
3.657626e-02
8.708325e-01
4.575435e-01
7.809917e-01
7.688880e-01
5.707387e-01
5.619606e-01
8.408050e-03
9.909732e-01
3.517107e-01
7.633679e-01
2.280265e-01
4.215978e-01
5.270707e-01
2.178574e-01
3.528639e-01
5.527563e-01
6.385385e-01
4.395740e-01
1.896359e-01
3.768143e-01
4.021460e-01
2.660832e-01
7.328984e-01
3.086060e-01
4.800635e-01
1.061530e-01
1.752719e-01
6.909703e-01
2.534058e-02
7.534765e-02
5.810746e-01
3.961437e-01
4.087752e-01
7.125589e-01
3.375333e-02
1.778222e-01
9.073445e-01
5.896825e-01
4.327732e-01
1.176221e-01
7.128385e-01
5.638920e-01
1.734827e-02
7.107335e-01
8.196400e-01
3.955731e-01
2.782678e-01
3.279181e-01
7.748862e-01
2.810128e-02
8.228620e-01
5.243230e-01
8.586368e-01
6.977065e-01
3.898259e-01
6.301124e-02
7.421962e-01
9.099607e-01
9.485789e-01
1.383032e-01
9.314505e-01
2.429685e-02
1.767071e-02
3.810027e-01
7.099272e-01
6.583866e-01
5.533564e-01
7.660936e-01
1.963038e-01
4.816280e-01
1.634850e-01
9.044023e-01
2.766981e-01
6.374126e-02
6.150377e-01
3.669196e-01
8.445616e-01
7.654856e-01
8.706463e-01
5.828320e-01
4.224602e-01
1.222646e-01
1.251143e-01
9.096070e-01
1.094834e-01
1.966105e-01
4.927992e-01
9.800607e-01
2.753122e-01
7.645559e-01
4.171231e-01
7.187276e-01
8.448789e-01
8.567605e-01
2.794230e-01
4.153792e-01
5.616243e-01
7.144802e-01
2.690850e-01
1.188171e-01
9.322619e-01
5.466147e-01
6.235197e-01
4.083206e-02
7.572292e-01
5.101710e-01
5.765680e-01
7.675939e-01
9.410059e-01
3.125658e-01
5.748344e-01
1.090710e-01
8.397022e-01
5.944171e-02
9.794182e-02
7.386258e-01
4.120898e-01
8.876978e-01
1.348017e-01
3.006109e-01
8.710880e-01
6.427075e-01
7.801271e-01
5.499706e-01
3.564697e-01
5.026298e-01
4.436502e-01
SIG
32
-1.107043e+00
6.317971e-01
-2.014522e+00
9.147160e-01
4.893449e-01
6.423337e-01
1.751449e-01
4.744534e-01
-9.276995e-01
8.104712e-02
1.595511e+00
6.395777e-01
-1.398583e+00
6.594131e-01
8.784897e-01
-3.462289e-01
-5.590567e-02
-1.702451e-01
9.984569e-01
2.001808e-01
-4.518140e-01
-1.287054e+00
-8.362051e-01
4.318944e-01
-4.101871e-01
9.684370e-02
5.373668e-01
-1.784354e-01
1.805037e-01
3.686236e-01
-7.505262e-01
-1.071373e+00
1.088217e+00
4.554016e-01
-1.138254e+00
8.819262e-01
-2.692973e-01
1.109310e+00
-7.028132e-01
-9.565689e-01
-1.115194e+00
5.288357e-01
2.702147e-02
3.112815e-01
1.081859e+00
7.527932e-01
3.240822e-01
-1.227393e+00
1.020253e+00
2.712594e-01
8.463685e-01
-5.267489e-01
1.549806e+00
6.622649e-02
4.768569e-01
1.891173e-01
-2.206847e+00
-3.782473e-01
-4.897233e-01
-2.026835e+00
-6.837420e-01
1.215483e-01
-2.696141e-01
-3.460279e-01
NOISE
96
7.239834e-01
5.084429e-01
9.536280e-01
3.919568e-01
5.598974e-01
2.408467e-01
7.341628e-01
2.181701e-02
9.316225e-01
6.605948e-01
2.797002e-01
3.424421e-01
7.710680e-01
8.297162e-01
9.425495e-02
5.300738e-01
5.806424e-01
8.582309e-01
9.267978e-01
6.259505e-01
4.829304e-01
2.794876e-01
2.599887e-01
7.027987e-01
8.495282e-01
7.786171e-01
1.852288e-02
3.512540e-01
9.105027e-01
6.347610e-01
7.505094e-01
1.680007e-01
2.336568e-01
4.541442e-01
7.699915e-02
7.453627e-02
6.265455e-01
8.766751e-01
2.876778e-02
8.633443e-01
4.430267e-01
3.321834e-01
1.512993e-01
2.622172e-01
3.391918e-01
4.948539e-01
4.573715e-01
3.955134e-01
8.923041e-02
3.360693e-01
2.961569e-01
4.999564e-01
6.190380e-01
6.202629e-01
6.619681e-01
5.667814e-01
1.810479e-01
5.037195e-01
6.885701e-01
2.655514e-01
9.207584e-01
6.689703e-01
6.948252e-02
3.058270e-01
4.678925e-01
5.579193e-01
3.108859e-01
2.057983e-01
2.333282e-01
5.321079e-01
3.181533e-01
1.956835e-01
6.838012e-01
9.891201e-01
7.858959e-02
3.706378e-01
9.288159e-01
4.225369e-01
6.994097e-01
2.551815e-01
4.963145e-01
4.433223e-01
7.899520e-01
8.920751e-01
9.655713e-01
1.976962e-01
8.540989e-01
9.035544e-01
9.779283e-01
7.429320e-01
7.453004e-03
3.539441e-02
9.512067e-01
2.022683e-01
5.216823e-01
3.911488e-01
8.202785e-01
8.712783e-01
6.807867e-01
9.193171e-02
7.836666e-01
7.008465e-01
9.694074e-02
3.497306e-01
6.919170e-03
6.016012e-01
9.690342e-01
3.553752e-02
2.666233e-01
4.003159e-01
8.201028e-01
1.188367e-01
1.557489e-01
7.788899e-01
3.513126e-01
3.353837e-01
7.013192e-01
6.184318e-01
1.653781e-01
7.075061e-01
2.135395e-01
8.242084e-02
1.667874e-01
9.834277e-01
7.738393e-01
7.184560e-01
4.110063e-01
8.236645e-01
9.608519e-01
7.734752e-01
6.488978e-01
4.550834e-01
6.439439e-01
8.718922e-01
6.410809e-01
2.135310e-01
9.359921e-01
1.448813e-01
5.539953e-01
4.619408e-01
2.541606e-01
2.844749e-02
2.200634e-01
6.614401e-02
3.679634e-01
2.792991e-01
1.953528e-01
3.687885e-01
4.458013e-01
5.860502e-01
4.885266e-01
8.409385e-01
3.610459e-01
6.655464e-01
1.341022e-01
1.816995e-01
4.718478e-02
1.050824e-01
7.126545e-02
3.196195e-01
2.852947e-01
6.904216e-02
3.110840e-01
8.167340e-01
3.514809e-01
3.961323e-01
8.084987e-01
9.428660e-01
8.155434e-02
1.317968e-01
3.802359e-01
7.957991e-01
5.477799e-01
8.212259e-01
8.226237e-01
9.365628e-01
2.202505e-01
6.728580e-01
4.032003e-01
4.329084e-01
3.692248e-01
4.489710e-01
5.389968e-01
8.718527e-01
3.289025e-01
3.507785e-01
5.751257e-01
9.870496e-01
7.926682e-01
5.096430e-01
1.728497e-01
1.314248e-01
SIG
36
-2.381706e-01
3.252920e-01
-2.401187e-02
-4.437565e-01
3.160638e-01
-8.055756e-01
5.191435e-01
1.089821e+00
1.167024e+00
4.419549e-01
1.818637e+00
4.934961e-01
-4.886529e-01
-2.109509e+00
1.190445e-01
1.166718e+00
-2.056921e+00
1.371932e+00
-6.501658e-01
-1.788308e-01
4.205528e-01
7.430670e-01
8.357461e-01
-9.274218e-01
1.103140e-01
-3.651466e-01
-5.558373e-01
-2.335228e-01
4.063320e-01
-8.203978e-01
-6.898548e-02
-2.840452e-01
5.002541e-01
5.220458e-03
-1.721225e-01
-1.138784e+00
3.761238e-01
-1.336091e+00
1.192556e+00
5.301730e-01
-6.250643e-01
-1.630595e+00
1.608609e-01
-7.171250e-01
1.687624e+00
-4.547449e-01
8.940743e-01
-7.364458e-01
1.276149e-01
-4.139151e-01
-3.470790e-01
1.582602e-01
-7.979356e-01
8.884936e-01
-6.188272e-01
-1.510879e+00
4.955410e-02
4.665812e-01
7.756291e-01
-6.035008e-01
-7.816246e-02
1.197297e+00
-7.864037e-03
-1.423496e+00
-5.845697e-01
-9.576612e-01
3.390320e-01
-4.685223e-01
-1.215947e+00
2.315791e-01
-3.537670e-01
1.750814e+00
NOISE
108
3.508512e-01
7.635181e-01
1.655834e-01
4.390051e-01
2.356363e-01
2.816743e-02
7.999125e-01
4.283594e-01
7.499787e-01
2.618095e-01
4.359987e-01
4.623086e-01
8.735543e-02
9.157865e-02
3.907230e-01
9.391488e-01
8.916662e-01
7.556342e-01
4.570672e-01
1.408162e-01
3.880452e-01
8.358846e-01
1.420518e-01
5.793301e-01
6.454688e-01
7.182260e-01
5.301306e-01
5.060020e-01
6.575323e-01
7.615251e-01
6.538764e-01
7.907859e-01
6.260315e-01
9.479436e-01
6.589645e-01
7.393816e-01
2.333367e-02
8.651490e-01
1.624000e-01
4.961117e-01
1.929663e-01
3.930441e-02
5.000648e-01
6.683297e-01
9.975574e-01
2.352277e-01
3.321033e-01
3.987410e-01
9.713945e-01
8.356046e-01
2.937394e-01
1.240158e-01
3.840777e-01
3.657711e-01
1.319692e-01
1.238337e-02
9.244929e-02
5.490281e-01
3.975991e-02
7.024839e-01
2.451621e-02
2.448549e-01
3.578409e-01
2.504089e-01
1.743797e-01
8.395392e-01
3.721233e-01
1.464156e-01
8.493509e-01
5.308025e-01
1.947548e-01
1.000883e-01
9.591588e-01
7.155516e-01
1.639640e-01
5.608546e-01
6.412004e-01
5.756334e-01
5.741247e-01
6.048172e-01
9.850856e-02
6.409525e-01
2.830903e-01
2.421227e-01
2.662140e-01
5.950874e-01
7.185837e-01
7.579182e-01
4.090479e-01
8.516161e-01
3.245113e-01
3.134882e-01
9.970785e-01
9.702591e-01
5.265905e-01
4.450340e-01
5.290827e-01
1.148228e-01
6.467902e-01
2.106596e-01
4.483420e-01
1.062510e-02
1.092240e-01
4.383181e-01
3.293496e-01
5.524423e-01
7.499208e-01
8.067762e-01
6.838141e-01
1.716946e-02
6.184050e-01
8.843870e-01
1.127146e-01
1.550174e-01
3.711486e-01
4.019785e-01
7.647817e-01
3.351216e-01
7.100977e-01
7.630734e-01
1.122827e-01
1.220987e-01
8.551752e-01
5.737978e-01
9.378274e-01
2.190944e-01
7.567201e-01
5.989559e-01
4.774961e-01
9.563859e-01
8.634937e-01
7.713781e-02
5.368753e-02
1.652778e-01
3.375011e-01
4.273394e-01
3.117059e-01
9.517957e-01
7.588745e-02
1.082865e-01
2.280633e-01
1.341120e-01
3.312477e-01
1.602080e-01
2.182826e-01
2.356096e-01
2.869164e-01
7.170235e-01
3.715438e-01
8.831458e-01
6.633419e-01
5.438715e-01
2.452211e-01
9.949404e-01
2.420989e-01
5.075365e-01
1.729575e-01
4.835920e-01
2.963607e-01
8.903628e-01
6.269599e-01
7.345336e-01
7.346758e-01
3.202437e-01
1.654404e-03
4.511549e-01
2.742796e-01
3.903279e-03
9.574232e-01
2.910789e-01
8.010238e-01
7.969624e-01
6.041524e-01
8.520821e-01
2.374103e-01
3.821654e-01
4.286322e-01
8.837057e-01
3.282881e-01
1.237633e-02
4.493373e-01
7.499086e-01
9.815010e-01
4.590264e-01
2.074457e-01
6.834251e-01
1.335413e-02
5.179932e-01
7.657744e-01
4.958437e-01
3.340114e-01
6.907237e-02
6.683437e-01
4.551539e-01
8.681926e-01
6.312416e-01
5.425969e-01
8.479934e-01
1.890996e-01
3.770051e-01
6.731555e-01
6.174994e-01
4.324610e-01
1.577515e-01
7.480115e-01
9.813285e-01
6.132838e-01
8.373720e-01
2.519211e-01
3.456767e-01
3.637932e-01
8.653861e-01
5.242570e-01
8.861047e-01
5.991623e-01
6.460405e-01
SIG
40
1.492452e+00
1.110474e+00
2.715053e-01
2.730940e-01
-1.102311e+00
4.380573e-01
7.532137e-01
6.160580e-01
-9.161406e-01
2.210907e-02
-6.889921e-01
-1.095022e+00
-5.856290e-02
-4.320747e-01
1.830016e-01
-5.091534e-01
1.204981e-01
4.690703e-01
-8.599743e-01
2.264785e-01
8.135304e-01
5.557146e-01
5.468040e-01
-2.074742e+00
-8.195248e-01
2.403293e-01
-5.262247e-01
-1.497654e-01
8.846856e-01
-8.200510e-01
8.739753e-02
-6.099977e-02
-5.697841e-02
-2.936300e-01
-3.407871e-01
1.041783e-01
2.181613e-01
-6.784050e-01
6.738206e-01
-9.901899e-01
-5.116527e-01
7.362207e-01
-4.895246e-01
2.058172e-01
1.086222e+00
5.671137e-01
2.081982e+00
3.930066e-01
-7.694932e-01
-1.683504e-01
8.757023e-02
-1.739136e-01
-3.235749e-01
8.497519e-01
-2.054457e-01
4.736903e-01
1.117589e+00
-2.211495e-01
4.711187e-01
-7.093802e-01
-1.310939e+00
3.075405e-01
4.094974e-01
6.686376e-01
-1.065388e+00
1.518630e+00
-5.190158e-01
-6.932537e-01
-3.084925e-01
-2.280031e-02
-5.140750e-02
4.123576e-01
1.554100e+00
2.832853e-01
1.083099e+00
9.435655e-01
4.073872e-01
9.205359e-01
-3.260010e-01
2.934037e-01
NOISE
120
1.972803e-01
6.238787e-01
3.013907e-02
9.995263e-01
3.751222e-01
7.741494e-01
5.327982e-01
7.741669e-01
3.780982e-01
8.814214e-01
9.669832e-01
7.332709e-02
7.499805e-02
8.810784e-01
2.353128e-01
2.662602e-01
1.668279e-01
5.313927e-01
2.701615e-01
2.211850e-01
5.334737e-02
2.201618e-01
7.391269e-01
9.416332e-01
8.238403e-01
3.296802e-01
6.622834e-01
3.663554e-01
8.957939e-01
1.225590e-01
8.312604e-01
3.154401e-01
6.444903e-01
8.376401e-01
8.898408e-01
8.629765e-01
8.841720e-01
1.301635e-01
6.632988e-01
5.389573e-01
3.007271e-01
9.280534e-01
2.653772e-01
2.408306e-01
3.182635e-01
9.395653e-01
7.184211e-01
6.801271e-01
8.503747e-01
7.818111e-01
4.266956e-01
5.803083e-01
5.635211e-01
1.086562e-01
7.975998e-01
8.316630e-01
7.794617e-01
1.582535e-03
4.477820e-01
6.196442e-01
7.913815e-01
1.432466e-02
3.907972e-01
1.181851e-02
4.086224e-01
8.090598e-02
2.696896e-01
1.229776e-01
2.643714e-01
7.213520e-01
3.874074e-01
3.583176e-01
7.781684e-01
8.851758e-01
6.427672e-01
3.019048e-01
4.414486e-01
9.002770e-01
4.127486e-01
4.531803e-01
4.245601e-01
8.951865e-02
2.350831e-02
9.584550e-01
7.873214e-01
3.309385e-01
8.746627e-01
6.891127e-01
9.597757e-01
1.618614e-01
3.762170e-01
6.378654e-01
1.129072e-01
9.933562e-01
3.176855e-01
6.288049e-01
6.817779e-01
7.583812e-01
2.704268e-01
3.541075e-02
8.063816e-01
9.808814e-01
7.173788e-01
9.937963e-01
4.688759e-02
1.916302e-02
6.672036e-01
8.399407e-01
7.432573e-01
2.765728e-01
9.682142e-01
4.351064e-01
4.805170e-01
3.325565e-01
7.423011e-01
3.853856e-01
9.244494e-01
7.573321e-01
8.196790e-01
4.883489e-01
1.601011e-01
5.677889e-01
8.724966e-03
4.474154e-01
1.299194e-01
7.770943e-01
4.646287e-01
9.493035e-01
7.130694e-01
7.084108e-01
8.864376e-01
3.554907e-01
1.458414e-01
5.663172e-01
9.007626e-01
4.925710e-01
6.233931e-01
8.478961e-01
3.562431e-01
8.235971e-01
5.967452e-01
6.693378e-01
2.382993e-01
5.286943e-01
4.275703e-01
8.296899e-01
3.908687e-01
8.837671e-01
1.981136e-01
9.184338e-01
1.609764e-01
4.416647e-01
8.904633e-01
7.654149e-01
5.253464e-01
8.722855e-01
5.014427e-02
9.171361e-01
5.523563e-01
7.438524e-01
5.784479e-01
1.052129e-01
7.348823e-02
1.201230e-01
3.902118e-01
8.824682e-01
5.063331e-01
8.668833e-01
7.469953e-02
4.064025e-02
8.695513e-01
7.741462e-01
6.257993e-02
9.882881e-01
9.622480e-01
1.608996e-01
7.097583e-02
3.361704e-01
2.982348e-01
8.238943e-01
9.904257e-01
6.485428e-01
4.441275e-01
7.656994e-01
3.363983e-01
5.232896e-01
7.157567e-01
4.631402e-01
1.186229e-03
6.261426e-01
9.602281e-01
4.745861e-01
9.978831e-01
4.225732e-02
7.649339e-01
4.799553e-01
3.427501e-01
6.974966e-01
3.935136e-01
6.308630e-01
3.661419e-01
3.667168e-01
1.162509e-01
4.189287e-01
2.581095e-01
3.148563e-01
5.839680e-01
9.466335e-01
8.030482e-01
1.461026e-01
1.233406e-01
8.743872e-02
4.301318e-01
4.966816e-01
2.668902e-01
8.983065e-01
7.351628e-01
9.520525e-01
2.534965e-01
3.508091e-01
1.948624e-01
6.283742e-01
8.126268e-01
1.909060e-01
7.898927e-01
5.305330e-02
6.850620e-01
9.974012e-02
2.056185e-01
8.342626e-01
3.859968e-02
9.015267e-01
1.983285e-02
1.185287e-01
8.636241e-01
1.909520e-01
8.196146e-01
8.570401e-01
1.187878e-01
5.202117e-02
SIG
44
-6.930693e-01
1.224672e+00
3.959283e-01
-3.492515e-01
6.225067e-01
1.394379e+00
6.300599e-01
7.983429e-02
7.803841e-01
-1.178669e+00
6.747688e-01
2.946134e-01
-6.952509e-03
-1.270030e+00
1.358036e+00
-1.921920e-01
6.854838e-01
-1.228828e-01
-8.511900e-01
-2.312133e-01
6.972064e-01
-1.451411e-01
2.856001e-01
-2.573833e-01
-1.383879e-01
4.118149e-01
-1.011040e+00
-5.589249e-01
2.268533e-01
-8.172812e-01
9.316750e-01
2.064149e-01
-1.046098e+00
1.296275e+00
-7.299162e-01
1.035890e+00
4.512226e-01
1.001670e+00
4.055109e-01
-3.886547e-01
3.060351e-01
1.698714e+00
8.935193e-01
8.214860e-01
2.878367e-01
5.862018e-01
-4.442121e-01
1.281693e+00
4.996246e-01
6.139936e-01
-3.219026e-02
8.353743e-01
-5.120297e-01
5.025855e-01
4.435660e-01
-1.914457e-01
-1.432662e+00
-6.123366e-02
-9.476312e-01
7.322151e-01
-1.054853e+00
1.139212e+00
2.649334e-01
1.398979e+00
3.380726e-01
1.368468e-01
8.636345e-01
-1.180821e+00
-7.235004e-01
-4.037909e-01
-9.124994e-01
4.625213e-02
1.560557e+00
1.084717e-01
3.174999e-01
2.076821e-01
1.598464e+00
-5.545815e-01
5.656678e-01
-1.128699e+00
4.391491e-01
7.121783e-01
-3.650311e-01
-9.621237e-01
5.157121e-01
1.944913e-01
-3.565516e-01
-2.305113e-01
NOISE
132
9.961037e-01
5.399260e-01
2.948208e-01
8.690370e-01
7.475922e-01
5.366912e-01
4.709610e-01
7.977130e-02
9.196479e-01
6.943454e-02
9.503251e-02
6.390393e-01
5.135294e-01
4.200905e-01
8.045398e-01
6.471607e-01
1.544931e-01
5.681880e-01
3.998440e-01
8.365436e-01
7.062378e-01
8.815921e-01
2.257867e-01
1.950533e-01
2.689168e-01
2.587008e-01
2.351910e-01
2.888606e-01
5.424208e-01
4.385931e-01
6.937870e-01
9.975237e-01
9.902973e-01
3.649804e-01
8.751066e-01
3.761736e-01
8.730955e-01
5.901805e-01
6.380347e-01
7.617845e-01
5.612837e-01
9.680534e-01
4.379021e-02
3.084807e-01
3.972097e-01
2.225306e-01
6.067694e-01
2.104428e-01
4.320197e-01
4.601841e-01
7.694107e-01
6.794451e-01
8.124779e-01
8.052421e-01
2.835493e-01
8.155141e-01
2.672712e-01
5.730374e-01
4.099039e-01
5.407202e-01
7.436907e-01
5.081236e-01
3.529845e-01
2.204417e-01
1.241849e-02
4.409324e-01
8.227769e-01
7.703179e-01
6.086663e-01
1.431490e-01
6.108153e-01
8.796084e-01
2.100434e-01
7.247937e-01
2.287912e-01
2.436070e-01
3.981191e-01
6.617311e-01
4.804116e-01
1.639045e-01
1.273312e-01
1.884591e-01
6.085979e-01
5.820106e-01
7.743442e-01
7.985986e-01
2.635262e-01
2.066246e-01
3.338724e-01
8.063642e-01
1.157984e-01
6.922669e-01
6.401914e-01
3.449296e-01
1.799221e-01
1.062050e-01
1.821573e-01
5.248738e-01
5.499606e-01
5.802008e-01
6.663990e-01
2.210259e-01
7.036762e-01
5.033550e-01
3.856022e-01
9.711558e-01
6.130439e-02
9.371257e-01
7.848785e-01
8.951394e-01
5.789759e-02
3.300887e-01
5.514622e-01
3.691141e-01
8.391180e-01
7.785262e-01
9.226565e-01
9.113678e-01
8.486969e-01
3.854652e-01
1.204040e-01
8.508592e-01
6.230552e-02
2.022301e-01
5.389361e-02
9.855210e-01
6.918444e-01
7.154385e-01
2.255488e-01
6.033596e-01
1.760595e-01
2.186059e-01
1.232983e-01
2.970898e-01
5.365913e-01
3.845492e-01
4.635645e-02
3.410858e-01
2.964657e-02
8.438905e-02
3.942911e-01
3.143789e-01
2.642708e-01
9.778601e-01
7.915546e-01
4.693561e-01
3.040482e-01
7.317956e-01
1.283299e-01
9.940003e-04
7.728214e-01
5.594065e-01
4.570434e-01
8.741531e-01
8.539114e-01
5.930994e-01
4.409106e-01
1.268011e-01
3.764363e-01
4.454066e-01
6.807523e-01
7.910717e-01
9.991340e-01
5.641617e-01
8.542743e-01
6.182861e-01
3.977070e-02
7.141670e-01
1.656830e-01
3.100421e-01
8.339119e-01
9.236610e-01
1.084517e-01
9.713978e-01
5.775077e-01
3.643548e-01
3.635795e-01
2.029402e-01
8.526649e-01
7.299038e-01
4.691769e-02
3.554586e-01
1.154690e-01
3.745529e-01
1.147975e-01
5.558111e-01
6.076980e-01
4.957421e-02
8.620182e-01
7.317720e-01
4.572827e-01
3.361094e-01
2.969052e-01
6.998729e-01
7.793242e-01
5.877092e-01
7.316911e-01
3.934004e-01
6.813963e-01
9.316531e-02
3.960663e-01
3.370290e-01
1.195464e-01
3.873393e-02
1.955870e-01
3.950447e-01
5.762777e-02
7.503701e-01
6.690162e-01
1.900982e-01
3.831297e-01
4.619812e-01
5.823752e-01
7.743513e-01
2.481000e-01
4.747402e-01
3.116662e-01
8.039345e-02
8.639659e-01
8.778656e-01
7.131111e-01
6.460677e-01
8.065707e-02
8.957752e-01
4.492314e-01
2.713148e-01
3.891660e-01
9.785283e-03
5.779192e-01
4.283792e-01
1.923761e-02
9.018959e-01
6.823459e-01
6.507499e-01
7.333932e-01
1.180699e-01
6.816820e-01
1.699767e-01
7.461899e-01
5.286576e-02
4.029583e-01
6.036618e-01
3.651977e-01
3.434045e-01
7.156484e-01
1.833641e-01
7.304649e-01
8.793102e-01
6.403101e-01
2.838379e-01
2.710544e-01
6.874553e-01
4.025873e-01
9.997083e-01
1.692354e-01
1.620498e-01
9.917127e-01
8.415969e-01
3.638875e-01
1.478891e-01
2.640277e-01
2.728430e-02
2.518881e-01
8.478074e-01
SIG
48
5.080183e-01
6.987419e-01
-8.025835e-01
2.543972e-01
-3.468622e-01
-1.009732e+00
3.019390e-01
-1.882281e+00
9.338303e-01
-8.171059e-01
-1.038882e+00
-1.280529e+00
3.125801e-01
1.176546e+00
-5.954716e-01
-9.939086e-01
1.891364e-01
1.372017e+00
-9.421334e-01
-2.188191e-02
-3.772226e-01
9.413581e-02
-2.446867e-01
-8.715636e-01
8.917512e-02
-1.078608e-01
-1.485698e-01
-4.783134e-01
3.426820e-01
-6.029760e-01
6.492259e-01
-6.152978e-01
2.125823e+00
1.187743e+00
1.056403e+00
-3.792253e-01
3.546219e-01
7.615339e-01
9.485797e-01
-1.599650e-01
-1.862557e+00
-3.015796e-02
-3.192465e-01
-4.259029e-01
7.885356e-02
-1.424870e-03
7.235447e-01
6.440848e-01
3.336812e-01
5.256904e-01
-2.098630e-01
-5.566107e-01
-4.872527e-01
-6.620444e-01
3.974561e-01
-2.931004e-01
5.837071e-01
4.527592e-01
-1.046118e-01
-6.131922e-01
1.499046e+00
7.310351e-01
-4.433219e-02
1.355015e+00
7.147600e-01
-5.710438e-01
-1.159310e+00
-1.230756e-01
-1.298257e-01
-2.967287e-01
-3.922734e-01
1.542190e+00
-2.796018e-01
4.503527e-01
4.889664e-01
6.762613e-01
1.158536e+00
-5.038865e-01
-6.226924e-01
-1.024525e-01
6.953264e-01
-5.220993e-01
4.357914e-02
-4.350774e-01
8.004192e-03
-1.408262e+00
9.071982e-02
1.245479e+00
-1.766073e-01
-2.007776e-01
-9.317824e-02
-2.823321e-01
-1.019630e+00
-5.241649e-01
6.300585e-01
-6.157267e-01
NOISE
144
3.758648e-01
2.806251e-01
1.501193e-01
8.130745e-03
1.532546e-01
4.363266e-01
8.380884e-01
2.537121e-01
7.281135e-01
5.777007e-01
2.673384e-01
7.365502e-01
8.363983e-01
8.288983e-01
4.519831e-01
2.058320e-01
6.357211e-01
6.641847e-01
1.589504e-01
8.962267e-03
8.997756e-01
4.888392e-01
1.719038e-01
9.502938e-01
4.243844e-01
8.226292e-01
4.232909e-01
3.810704e-01
4.221110e-01
8.674284e-01
6.441059e-01
1.589361e-02
5.018974e-01
9.381641e-01
5.375751e-01
4.893215e-01
7.923790e-01
6.910323e-01
1.850431e-01
7.633694e-01
6.750146e-01
6.601969e-01
7.323122e-01
5.392673e-01
2.743528e-01
1.236085e-01
1.446905e-01
7.456183e-02
8.448959e-01
2.872162e-01
8.286940e-01
4.813738e-01
4.772500e-02
7.512284e-01
5.974804e-01
6.866888e-01
4.640426e-01
5.544056e-01
6.540721e-01
1.982638e-01
7.009979e-01
8.523179e-01
9.768419e-01
5.361238e-01
2.808797e-01
7.037635e-01
2.374329e-01
8.263427e-01
2.943594e-01
4.063596e-01
1.959722e-01
4.470532e-02
8.833613e-02
1.299170e-01
8.866684e-01
8.959999e-01
3.402265e-01
2.705866e-01
8.548927e-01
5.699986e-01
1.035405e-01
6.861921e-01
3.067349e-01
9.573354e-01
9.761330e-01
4.591390e-01
5.082867e-01
5.233638e-01
6.589380e-01
1.577747e-01
3.698362e-01
8.016841e-01
5.641864e-01
6.332872e-01
6.887030e-01
2.642369e-02
9.713718e-01
9.002740e-01
5.620346e-01
3.390773e-01
3.979306e-01
4.197811e-01
5.391621e-01
9.081745e-01
4.816628e-01
6.110447e-01
7.516961e-01
6.966140e-01
7.190786e-01
2.960937e-01
1.189071e-01
2.341790e-01
9.349230e-01
6.372455e-01
6.820263e-01
3.327384e-01
1.229376e-01
2.609808e-02
4.771814e-02
3.279871e-02
6.056396e-01
1.129354e-01
1.638516e-03
6.233758e-01
4.208027e-01
7.246405e-01
8.300536e-01
6.733284e-01
1.122664e-01
2.282805e-01
5.590858e-01
5.155702e-01
3.489569e-01
8.620430e-01
4.184378e-01
2.820580e-01
4.157947e-01
7.761192e-01
9.087052e-01
2.982650e-01
9.557636e-01
8.956344e-02
2.153147e-01
2.413098e-01
3.672056e-01
3.518735e-01
2.161272e-01
1.087045e-01
9.862443e-02
3.688625e-01
5.241293e-01
1.576750e-01
6.966799e-01
8.028440e-01
7.079550e-01
5.565720e-01
4.634306e-01
1.475321e-01
3.863501e-01
6.199036e-01
7.533000e-01
6.110616e-01
7.606417e-01
4.637915e-01
1.798867e-01
5.275515e-01
9.925400e-01
8.142400e-02
8.704023e-01
3.911976e-01
8.055733e-01
5.724166e-01
1.274674e-01
7.512662e-01
9.862276e-01
9.318773e-01
5.284650e-01
4.352642e-02
3.091282e-01
4.399489e-01
4.025399e-01
8.136970e-01
6.120434e-01
5.940991e-01
4.860027e-01
4.516946e-03
3.658959e-01
9.474177e-01
5.473673e-01
1.668697e-01
2.228668e-01
2.579849e-01
3.020791e-01
3.345952e-01
8.625573e-01
5.347473e-01
9.077485e-01
8.288486e-01
7.059419e-02
2.706961e-01
8.684935e-01
9.305345e-01
2.694468e-01
9.575522e-01
1.135053e-01
2.225409e-01
2.649030e-01
5.329336e-01
3.912190e-01
4.574234e-01
7.623383e-01
2.490849e-01
4.668379e-01
8.692377e-01
3.435211e-01
9.968376e-01
7.319186e-01
3.036627e-01
8.304147e-01
7.127232e-01
7.903996e-01
6.941910e-01
9.972946e-01
3.711831e-01
6.422187e-01
6.236392e-01
6.101310e-03
2.145504e-01
3.350931e-01
9.565742e-01
5.843077e-01
9.785016e-01
2.204208e-01
4.632841e-01
2.205861e-01
8.961933e-02
8.663056e-01
5.757482e-01
5.727986e-01
9.747760e-01
3.058077e-01
1.367536e-01
1.715477e-01
2.088486e-01
5.639228e-01
4.348034e-02
1.808890e-03
6.932807e-01
1.974732e-01
2.332511e-01
1.486155e-02
4.272901e-02
3.928622e-01
9.257298e-01
1.122504e-01
2.324293e-01
1.275215e-01
1.978540e-01
5.644450e-02
2.099142e-01
3.124923e-01
2.652496e-02
3.820079e-01
9.747007e-01
9.473031e-01
1.961860e-01
3.191740e-01
5.576912e-01
6.484602e-01
1.576236e-01
2.271207e-01
8.715244e-01
9.899099e-01
2.728736e-01
4.957749e-02
8.817033e-01
5.821036e-01
4.419637e-01
3.786285e-01
9.119918e-01
2.670825e-01
9.750790e-01
5.051404e-01
9.434277e-01
9.545113e-01
3.972483e-01
6.415993e-01
5.797053e-02
SIG
52
-7.931071e-02
3.895090e-02
1.928096e-01
2.730828e-01
1.541929e+00
5.199317e-01
7.525037e-01
-1.957719e-01
-4.028258e-01
-5.246010e-01
-7.630359e-01
9.335752e-01
4.340051e-01
1.823299e-01
2.257997e-01
-1.043135e-01
1.672684e-01
1.263495e+00
-7.753125e-01
4.044616e-01
9.056769e-01
-1.214090e+00
-1.193107e+00
7.145492e-01
-7.124953e-01
2.087601e-01
2.263793e-01
7.982020e-01
-2.725508e-01
2.028629e-01
8.948450e-01
-6.611966e-01
9.211419e-02
1.484128e+00
9.132234e-02
-2.236243e-01
-4.786499e-01
1.313420e-01
-2.400674e-01
7.891109e-01
7.267520e-01
1.017724e+00
5.220017e-01
6.526846e-01
-1.123255e-01
-1.001404e-01
9.784355e-02
-2.624727e-01
1.700121e-03
6.053874e-01
1.633487e-01
-4.498391e-02
5.925691e-01
2.064338e-01
2.947543e-01
-1.241382e+00
4.788193e-01
-2.888571e-01
7.439406e-02
-9.168594e-01
6.087165e-01
-1.171530e-02
6.331784e-01
1.439383e-01
1.122846e-01
3.324361e-01
-1.364508e-01
1.306141e+00
-4.433186e-01
-1.840567e-01
1.176228e+00
-1.590408e+00
-3.653933e-02
1.040952e+00
5.831686e-01
-5.196179e-01
-8.818697e-02
1.241173e+00
-7.672778e-01
-4.729093e-01
-8.738448e-02
-6.402654e-01
1.818973e-01
1.094510e+00
3.047494e-01
6.246373e-01
-1.209613e+00
4.986988e-01
-1.412904e-01
4.058710e-01
-3.254913e-02
-4.281216e-01
-3.254252e-01
5.152391e-01
2.319031e-01
-1.295935e+00
-1.630892e-01
2.803690e-01
7.286829e-01
1.925316e-02
-3.269931e-01
1.334527e+00
-3.256731e-01
2.270469e-01
NOISE
156
5.849423e-02
6.398068e-01
1.612389e-01
1.711530e-01
7.978101e-01
9.031118e-01
8.966662e-01
9.041218e-01
3.385968e-01
1.460063e-01
1.192284e-01
1.272587e-02
7.006833e-01
1.287268e-01
3.459330e-01
3.151636e-01
7.504570e-01
4.183919e-01
7.596389e-01
1.588311e-01
3.167064e-01
8.016500e-01
7.483516e-01
8.370747e-01
8.292814e-03
5.030096e-01
5.711781e-01
5.532920e-01
5.601993e-01
7.459703e-02
8.854026e-01
1.821635e-01
6.530715e-01
4.663017e-01
3.935984e-01
1.770795e-01
6.159529e-02
7.433413e-01
3.298085e-01
8.522099e-02
6.534823e-01
4.728122e-01
1.862069e-01
8.585456e-01
3.102261e-01
8.005303e-01
2.028273e-01
6.571860e-01
2.589375e-01
4.455569e-01
5.738362e-01
3.016515e-01
9.474329e-01
5.716170e-01
5.556913e-01
6.526013e-01
4.386581e-01
8.536989e-01
6.860672e-01
9.291519e-01
7.177577e-01
1.597455e-01
5.946723e-01
6.008493e-01
2.696848e-01
9.874573e-01
3.717894e-01
3.188812e-01
7.774077e-01
2.163318e-01
4.072896e-01
7.115011e-01
9.374700e-01
6.253631e-01
7.138759e-01
2.122812e-01
9.051957e-01
1.681306e-01
7.582800e-01
1.268579e-01
7.883865e-01
7.186588e-01
3.194298e-01
9.628898e-01
3.357346e-01
3.713769e-01
8.046139e-01
6.696632e-01
6.504037e-01
8.226289e-01
4.113885e-01
1.522388e-02
2.588614e-01
2.237757e-01
9.736259e-01
5.541994e-01
9.366586e-01
6.046576e-01
8.541815e-01
7.675092e-01
8.504906e-01
2.713563e-02
5.387732e-01
3.668533e-01
1.597808e-01
3.708273e-01
5.878261e-01
8.296126e-01
6.307425e-01
5.144717e-01
7.968075e-01
9.382327e-01
3.082896e-01
3.261728e-01
5.279624e-01
6.332172e-01
4.287223e-01
9.540463e-01
5.417124e-01
5.421883e-01
7.164411e-01
6.133173e-01
2.046661e-01
9.579984e-01
7.416992e-01
5.694120e-01
2.055270e-01
2.871997e-01
2.644200e-01
4.665071e-01
9.422599e-01
5.534050e-01
5.864214e-01
9.737940e-01
3.159521e-01
8.989324e-01
3.920491e-01
6.314664e-01
7.906907e-01
2.627618e-01
3.379737e-01
2.373712e-01
3.120759e-01
4.732763e-02
2.056408e-02
7.805489e-01
8.555286e-01
6.811896e-01
3.347383e-01
6.727822e-01
6.437412e-01
8.336996e-01
5.100727e-01
6.142841e-01
4.767882e-01
6.238621e-01
9.879261e-01
4.422039e-01
5.930463e-01
2.753085e-01
8.555322e-02
8.694868e-01
4.406260e-01
2.674780e-01
5.302198e-03
1.733689e-01
5.526822e-01
7.184693e-01
1.301485e-01
1.460649e-01
9.687254e-01
7.882463e-01
1.512685e-01
8.051980e-01
7.857966e-01
5.433676e-01
2.254551e-01
8.533067e-01
4.575742e-01
7.614289e-01
1.346325e-02
2.717054e-01
7.619136e-01
9.550884e-01
1.102168e-02
1.523522e-01
5.501809e-01
1.113299e-01
8.243512e-01
6.914261e-01
8.029086e-01
6.760349e-01
3.089661e-01
2.477187e-01
5.121175e-01
7.583162e-02
5.143493e-01
8.921103e-01
9.422376e-01
1.432572e-01
2.612768e-01
3.143718e-01
4.852276e-01
2.001158e-01
5.817516e-02
3.318905e-01
7.431007e-02
4.381239e-03
8.142225e-01
2.578592e-01
6.165506e-01
9.229067e-02
8.261276e-01
3.522340e-01
7.859804e-01
5.957493e-01
4.203525e-01
7.028019e-01
2.578075e-01
9.580952e-01
2.254502e-02
6.603375e-01
9.064911e-01
5.421665e-01
8.597062e-01
4.203135e-01
7.111335e-01
3.603837e-01
1.657493e-01
4.838012e-01
7.520413e-01
8.090823e-01
2.149690e-01
2.765753e-01
2.230626e-01
2.570789e-01
2.189515e-01
9.754862e-01
9.614623e-01
6.115419e-01
1.076296e-01
3.322810e-01
6.598309e-01
9.389039e-01
4.308736e-01
3.344236e-01
8.065560e-01
9.695193e-01
1.908280e-01
2.344757e-01
5.485895e-01
9.097061e-01
4.676266e-01
6.228994e-01
8.764494e-02
1.753279e-01
2.019614e-01
3.456404e-01
5.844604e-01
6.539457e-01
7.788068e-02
8.061626e-01
6.266462e-01
1.566962e-01
9.644421e-01
6.914585e-02
5.760598e-01
2.526683e-01
9.319717e-01
8.062488e-01
8.462075e-01
7.339224e-01
4.364031e-01
3.169576e-01
6.744129e-01
2.748679e-01
1.546634e-01
5.073292e-01
4.833039e-01
8.128096e-01
5.531383e-01
3.765043e-01
6.049797e-01
3.644106e-01
4.766620e-01
8.189789e-01
8.473538e-02
6.137511e-01
3.602307e-01
2.923945e-01
4.430177e-01
5.722564e-02
3.126222e-01
2.284965e-01
8.522732e-01
5.092294e-01
3.664788e-01
3.647713e-01
1.498583e-01
9.445200e-01
1.927716e-01
8.525221e-01
9.804839e-01
8.546663e-01
7.837878e-01
3.117919e-01
1.620751e-01
7.934939e-02
8.622242e-01
9.729152e-01
4.400712e-01
3.790641e-01
SIG
56
-3.799981e-01
6.244939e-01
4.914542e-01
-1.642729e+00
4.379524e-01
2.736712e-01
3.937094e-01
3.218223e-01
-7.016261e-02
5.089769e-01
7.678047e-01
-1.949362e-01
-1.960993e-01
1.593001e-01
3.582008e-01
6.925430e-01
1.524725e-01
-1.624823e-01
5.389882e-01
-1.710655e+00
8.944273e-01
-1.223471e+00
-5.187295e-01
-2.789035e-03
-1.399744e-01
1.025327e+00
-1.272977e-01
-3.062214e-01
7.812809e-01
-2.349657e-01
8.422308e-01
-1.546442e-01
-1.079734e+00
2.480910e-01
1.391837e+00
-3.644575e-01
7.278538e-01
1.295798e+00
-4.870839e-01
6.689166e-01
-4.642473e-01
5.760084e-02
4.250341e-01
-8.503332e-01
-3.662319e-02
5.678413e-01
-1.042873e+00
-7.622657e-02
4.234703e-01
-5.101911e-01
2.433604e-01
6.665885e-01
-2.911900e-01
4.901171e-01
-7.513557e-01
-3.341462e-01
1.036919e+00
2.900035e-01
-5.656341e-01
-2.240308e-01
-5.600454e-01
-5.251202e-01
-1.127248e+00
-6.479193e-01
8.513983e-02
-7.858439e-01
3.057459e-01
-1.627668e-01
-1.744386e+00
-1.219185e+00
2.783628e-01
1.082737e-02
1.156933e+00
-9.054284e-02
3.056699e-01
-8.559766e-01
-1.153939e+00
6.204187e-01
-4.660492e-01
-9.856878e-01
-7.486207e-01
5.377572e-01
-5.534795e-01
2.720647e-01
1.191195e+00
3.053763e-01
-4.942808e-02
4.850767e-01
-6.581967e-01
-6.445161e-01
-2.038368e-01
1.783617e-01
1.207851e-01
-1.887986e-01
-6.351093e-02
-1.423408e-02
7.239830e-02
-1.291857e+00
-2.022254e-01
-2.291981e-01
-1.424775e-01
2.403121e-01
3.102530e-01
-1.202247e-01
-7.078396e-02
-1.023345e+00
6.365116e-01
4.570799e-01
-1.785663e-01
-8.647931e-02
2.992708e-01
3.519583e-01
NOISE
168
8.313017e-01
5.140343e-01
2.987000e-01
2.638832e-01
5.310829e-02
3.683974e-01
5.518258e-01
4.620844e-02
5.535342e-01
3.352266e-01
8.514497e-02
8.758204e-01
3.930326e-01
7.967889e-02
9.961934e-01
2.067760e-01
4.511184e-01
9.392273e-01
9.203073e-01
3.871702e-01
9.300680e-02
9.716740e-01
8.650628e-01
2.160981e-01
1.240575e-01
8.113963e-01
3.707426e-01
3.517858e-01
4.631479e-01
6.351062e-01
4.783866e-01
4.586950e-01
4.961604e-01
6.439252e-01
3.211084e-01
9.789462e-01
6.255961e-01
3.403417e-01
8.577533e-01
7.282507e-01
7.839821e-01
1.573079e-01
8.546089e-01
7.508187e-02
4.882881e-01
6.263469e-01
3.981984e-01
9.556231e-01
6.116249e-01
5.273076e-01
2.494379e-01
4.263185e-01
9.049701e-01
9.582253e-02
2.361515e-01
2.204382e-01
6.732927e-01
3.087218e-02
9.613250e-01
5.313220e-01
7.522146e-01
9.659147e-01
1.335024e-02
2.622432e-01
6.772434e-01
6.398638e-01
7.438768e-01
7.158413e-01
8.388344e-01
9.039091e-01
7.011133e-01
7.109221e-03
3.965261e-01
9.327202e-01
9.396105e-01
9.348370e-01
3.879310e-01
8.884718e-02
7.694077e-01
3.759815e-01
7.001791e-01
3.163849e-01
6.848320e-01
3.783424e-01
1.800600e-02
1.171943e-01
2.810568e-01
9.312831e-01
1.816480e-01
1.677796e-01
1.905108e-02
2.063045e-01
3.963600e-01
9.912561e-01
9.442534e-01
9.077787e-01
1.298510e-01
7.737414e-01
4.041125e-01
9.961608e-01
2.863411e-01
7.938423e-01
1.460549e-01
1.140908e-01
6.660973e-01
7.964256e-01
7.846025e-01
5.445064e-01
6.288258e-01
4.421146e-01
8.750655e-01
5.948626e-01
8.731346e-01
9.903126e-01
7.163313e-01
4.321669e-01
5.323340e-01
4.399426e-01
7.047099e-02
2.083193e-01
3.666103e-01
8.228066e-01
6.179509e-01
4.314026e-01
3.600034e-01
1.385309e-01
4.005973e-01
2.016293e-01
2.940634e-01
8.943202e-01
6.132144e-01
1.128449e-01
4.749982e-01
7.873515e-01
5.674236e-01
3.063128e-02
6.748376e-01
2.088273e-01
6.481543e-01
3.885653e-01
5.331920e-01
3.275356e-01
4.679027e-01
4.188690e-02
9.313033e-01
8.371016e-01
1.019694e-01
4.640993e-01
9.037698e-01
1.639040e-01
9.479503e-01
5.137356e-01
4.523788e-01
2.981967e-01
6.356848e-01
3.998026e-01
8.346479e-01
1.395908e-01
9.714158e-01
7.215260e-01
8.852563e-01
8.420877e-01
2.400831e-01
5.722228e-01
9.394500e-04
6.978780e-01
7.439090e-02
2.514262e-01
1.108046e-01
1.036661e-01
5.583370e-01
6.746295e-01
8.068219e-01
3.774575e-01
1.696936e-01
3.522068e-01
4.190184e-01
4.485894e-01
8.334362e-01
8.913358e-01
8.865448e-01
5.002676e-01
3.506299e-01
5.187734e-01
1.291769e-01
8.081313e-02
3.304842e-01
9.355594e-01
5.414193e-01
5.430692e-02
8.622810e-01
4.041286e-01
3.252966e-01
5.234349e-01
3.260637e-01
6.752495e-01
5.821032e-01
2.030079e-01
5.060900e-01
3.808056e-01
8.928640e-01
5.980412e-01
5.388935e-01
2.259113e-01
9.746357e-02
2.117630e-01
3.169129e-01
3.794215e-01
2.389188e-01
9.267264e-01
4.457879e-01
1.783152e-01
4.638993e-01
3.965425e-01
5.295749e-01
7.765629e-01
6.776103e-01
7.665897e-01
5.397008e-01
5.101485e-01
7.570982e-01
6.492400e-01
9.283577e-01
7.598815e-01
7.449895e-01
1.335812e-01
5.300774e-01
8.116531e-01
9.889973e-01
8.535446e-01
9.949807e-01
4.218252e-01
4.729506e-01
6.403199e-01
3.292566e-01
5.103062e-01
1.077243e-01
1.682837e-01
7.073835e-01
5.029547e-01
3.920546e-01
1.088075e-01
9.055459e-01
7.824952e-01
7.405334e-01
1.979571e-01
5.127509e-01
7.369100e-01
9.232641e-01
7.772666e-01
9.335920e-01
6.163734e-01
1.017501e-01
2.838655e-01
8.630550e-01
2.938937e-01
1.028512e-02
3.597766e-01
4.524520e-01
5.710180e-02
8.308956e-01
5.733334e-01
6.031929e-01
4.665025e-01
8.572570e-01
7.617871e-01
8.670855e-01
2.519497e-02
1.867123e-01
2.906344e-01
2.834595e-01
3.210940e-01
3.811146e-01
8.440394e-01
3.297601e-01
4.985121e-01
6.462874e-02
5.841268e-01
4.005684e-01
7.969869e-02
6.846990e-01
2.207690e-02
1.734517e-01
4.777553e-01
8.373480e-01
7.584431e-02
4.959891e-01
6.463966e-01
9.827811e-01
3.251917e-01
1.463675e-01
8.713692e-01
8.071735e-02
2.586246e-01
7.485481e-01
7.287634e-01
3.600331e-01
3.638143e-01
9.245993e-02
3.832611e-01
6.186830e-02
9.022744e-02
6.523298e-01
3.528992e-01
2.724337e-01
7.803424e-01
3.470635e-01
5.216668e-01
1.534945e-01
4.759501e-01
4.323614e-01
2.743967e-01
6.195252e-01
6.731008e-02
8.246687e-01
7.860101e-01
1.440194e-01
9.904840e-01
8.498061e-01
2.641735e-01
1.095578e-01
3.885079e-01
2.364439e-01
6.620487e-01
6.799016e-01
8.463120e-01
4.728643e-01
3.076400e-01
6.766092e-01
4.993141e-01
7.239557e-01
9.028388e-01
7.570211e-01
9.508241e-01
3.968503e-01
8.293049e-02
SIG
60
8.347012e-01
5.335922e-01
-1.027207e+00
-3.380248e-01
9.138124e-01
3.186268e-01
-1.165169e+00
-6.712065e-01
3.409183e-01
3.883573e-02
-9.720496e-01
4.713191e-01
-6.129621e-02
9.604004e-01
8.173397e-01
2.113578e-01
1.562440e+00
-7.833346e-01
-1.438384e+00
1.893183e-01
-3.044869e-01
-4.811717e-01
-9.299093e-01
-7.507884e-01
4.301380e-01
2.465826e-01
6.371716e-01
-1.579943e-01
1.374718e+00
-6.182143e-01
1.543970e-01
1.903327e-01
-2.640391e-01
9.650983e-01
2.376533e-01
1.156267e+00
-6.567565e-01
-1.122281e+00
4.194612e-01
-2.694845e-02
2.468331e-01
-2.724743e-01
-2.747442e-01
9.036085e-01
7.745333e-02
-5.760309e-01
4.009716e-02
-1.022383e+00
3.068343e-01
-7.052783e-03
6.356140e-01
1.536202e-01
-1.012657e+00
4.190066e-01
-4.017770e-01
-2.365945e-01
8.079279e-01
-1.193040e+00
-2.966290e-01
1.014155e+00
8.960899e-02
-4.018681e-01
2.779617e-01
7.922405e-01
8.943543e-01
-2.260924e-01
2.316718e-02
-7.339335e-01
-1.246465e+00
-1.384037e+00
8.181506e-01
1.497558e-01
3.556149e-02
-7.718252e-01
8.290522e-01
2.124553e-01
-5.439735e-01
-1.341470e-01
8.687646e-02
7.109165e-01
5.041830e-01
1.080606e+00
-8.287030e-01
1.551697e-01
-1.099040e-01
1.780779e-01
-1.554571e+00
3.526243e-01
1.671635e-01
2.976524e-01
-4.723918e-01
2.485099e-01
6.769611e-02
-3.612701e-01
-9.173815e-01
2.468635e-01
-8.271817e-02
2.359500e-01
3.551154e-01
2.024753e-01
8.517589e-01
7.679561e-02
1.117972e+00
7.066503e-01
4.560961e-01
6.853818e-01
-9.773763e-01
-8.683449e-01
3.236604e-01
-3.629266e-01
7.517931e-01
-5.742650e-02
5.968857e-01
-1.009448e+00
7.914015e-02
-2.148440e-01
-1.023385e-01
7.171892e-01
7.316689e-01
5.196632e-01
NOISE
180
3.760202e-02
5.846685e-02
3.443478e-01
7.628681e-01
6.479767e-01
2.546188e-01
4.939086e-01
9.004166e-01
9.002472e-01
7.100954e-01
4.383342e-01
2.224822e-01
9.571850e-01
3.251163e-01
4.714343e-01
9.637333e-01
4.634359e-01
1.292474e-01
4.910230e-01
6.908723e-02
8.400401e-01
7.286728e-01
4.694416e-01
9.517459e-01
6.309343e-01
9.959945e-01
9.374611e-01
7.899803e-01
7.882201e-01
6.679858e-01
8.964595e-01
2.240106e-01
5.204606e-01
6.588557e-01
3.377747e-01
4.847204e-01
3.941690e-01
3.696217e-01
7.328425e-01
8.347913e-01
8.185519e-01
4.943788e-01
3.119393e-01
6.506864e-01
3.795971e-01
5.441076e-02
1.170503e-01
5.304652e-01
1.943938e-01
2.410478e-01
1.092420e-01
5.242523e-01
1.130532e-01
4.569817e-01
9.181223e-01
3.357170e-01
5.823032e-01
5.514070e-01
3.607459e-01
4.991051e-02
3.859344e-02
6.234672e-01
2.279605e-01
9.812277e-01
7.620775e-01
1.667933e-01
9.580729e-02
5.449782e-01
6.861681e-01
6.360197e-01
5.454996e-01
4.121435e-02
4.849147e-01
6.669781e-01
8.472335e-01
5.612368e-01
6.057516e-01
7.886147e-01
1.860925e-01
7.185329e-01
3.219265e-01
9.756498e-01
2.440879e-01
4.292877e-02
7.142440e-01
4.481675e-01
1.726724e-01
3.124291e-01
8.137710e-01
5.978849e-01
6.543013e-01
9.303508e-01
8.127767e-01
7.084333e-01
5.827316e-02
1.517428e-01
2.510658e-01
8.492267e-01
4.354363e-01
7.841994e-01
5.297224e-01
7.924593e-01
7.740499e-03
5.402073e-01
9.464256e-01
7.030940e-01
6.289202e-01
2.670947e-02
3.278065e-01
9.150649e-02
8.740048e-01
8.926837e-01
7.719303e-02
2.027394e-01
1.814035e-01
4.220730e-01
2.301630e-01
7.200547e-01
5.870279e-02
1.724787e-01
1.240544e-01
6.173700e-02
3.085857e-01
4.903066e-01
1.369367e-01
8.702991e-01
7.140422e-01
5.328065e-01
3.640000e-01
8.417029e-01
3.367725e-01
4.798490e-01
6.149045e-01
3.739434e-01
6.112740e-01
4.497184e-01
4.472171e-01
8.667094e-01
7.183272e-01
4.475912e-01
1.532742e-01
6.190469e-02
5.191825e-01
5.615759e-01
9.695759e-01
2.582121e-01
9.897566e-01
3.435031e-01
8.889123e-01
8.618974e-01
6.068893e-01
6.144888e-01
9.876826e-01
2.975012e-01
2.751452e-01
6.128476e-01
7.317566e-01
2.565977e-01
1.143774e-01
5.052334e-01
2.893297e-01
1.729794e-01
3.153785e-01
6.303475e-01
2.728237e-01
4.634324e-01
7.008789e-01
6.653723e-02
4.229431e-01
7.862850e-01
7.106754e-01
3.842067e-01
4.702390e-01
6.779435e-01
4.456820e-01
5.795763e-01
2.456286e-01
8.555918e-01
9.803810e-01
1.301952e-02
7.506675e-01
8.299672e-01
5.842532e-01
5.847218e-01
9.954161e-01
2.484782e-01
4.244751e-01
3.815173e-01
2.408200e-01
8.346575e-01
2.058187e-01
3.146037e-01
4.601791e-01
7.632266e-01
7.831226e-01
5.978615e-01
1.034670e-01
8.594493e-01
4.108223e-02
7.654879e-01
5.307307e-01
5.616229e-01
1.812705e-01
3.237919e-01
8.846134e-01
9.910411e-01
5.962486e-01
2.215231e-01
7.046398e-01
3.776913e-01
6.813890e-01
3.438317e-01
5.971496e-01
6.036302e-01
6.899285e-01
8.346587e-01
5.492009e-01
3.434008e-01
8.515681e-01
3.246788e-01
3.739561e-01
6.983752e-01
1.795650e-01
2.518076e-01
1.387225e-01
4.352660e-01
5.850467e-01
1.199482e-01
5.081932e-01
5.082521e-01
4.923620e-01
5.545804e-01
4.664792e-01
5.940207e-01
8.028998e-01
2.133181e-02
9.020803e-02
3.074832e-01
8.453409e-01
4.039063e-02
4.396447e-01
9.654091e-01
4.970746e-01
6.408656e-01
8.670324e-01
2.336460e-01
1.458908e-01
2.334603e-01
2.855353e-01
4.365402e-01
6.194159e-01
3.232076e-03
1.710846e-01
2.007761e-01
8.017545e-01
1.721559e-01
6.316932e-01
2.996319e-01
3.854567e-01
1.521333e-01
6.547032e-02
2.870036e-01
1.485751e-01
8.684094e-01
3.508891e-01
6.413396e-01
8.686362e-01
8.700468e-01
3.702901e-01
6.110302e-01
4.920643e-01
5.579936e-01
2.791915e-01
6.105293e-01
3.280012e-01
6.040001e-01
1.852841e-01
6.592772e-01
9.131760e-01
4.042464e-01
2.769180e-01
6.905753e-01
8.671954e-01
2.063842e-02
4.295121e-01
9.097267e-02
9.692119e-01
5.631700e-01
9.991838e-01
6.076763e-01
9.107330e-01
7.107540e-01
1.001339e-01
7.280291e-01
1.783749e-01
9.336477e-01
8.703918e-01
4.151258e-01
3.851838e-01
7.249836e-01
6.840376e-01
5.435672e-01
9.773952e-01
5.621202e-01
2.656348e-01
9.770543e-01
9.566772e-01
7.429653e-01
6.979209e-01
8.437086e-01
7.487205e-02
7.809679e-02
3.518123e-01
9.080053e-01
8.146910e-01
8.358169e-01
3.272549e-01
6.502965e-01
6.954191e-01
3.648878e-01
3.784896e-01
8.764130e-01
7.911023e-01
2.819288e-02
5.682455e-01
3.080932e-02
1.896500e-01
5.185353e-01
2.277295e-01
2.000396e-01
5.692576e-01
8.169269e-01
3.593211e-01
4.170729e-01
8.165758e-01
1.072389e-01
9.521013e-01
5.940829e-01
3.035214e-01
3.716963e-01
9.544400e-01
2.837065e-01
7.130923e-01
4.948854e-01
7.132338e-01
6.070072e-01
6.165509e-02
7.790224e-01
2.701331e-01
1.666079e-01
1.368377e-01
5.704599e-02
2.385829e-01
6.142684e-01
6.344957e-01
4.724650e-01
1.140613e-01
5.755761e-01
6.817955e-01
8.399094e-01
SIG
64
-1.169578e-01
3.654398e-01
-5.592490e-01
-1.088206e+00
-9.436272e-03
7.159758e-01
-1.477779e-01
-2.307398e-01
-4.130461e-01
1.821257e-01
4.940128e-01
2.687506e-01
1.012407e+00
-3.094624e-02
-6.622299e-01
2.591064e-03
-1.922420e-01
-1.711805e-01
4.435261e-01
-3.235866e-01
1.706891e-03
4.678763e-01
2.523770e-02
1.765600e-01
2.137366e+00
-7.046736e-01
7.603594e-01
9.936686e-01
1.496303e+00
-1.072000e+00
-1.550763e-01
-1.539484e+00
-3.516766e-01
5.673750e-01
-4.073362e-02
1.150469e-01
-5.135271e-01
-8.327355e-01
-1.071660e+00
-1.422309e+00
-3.482000e-01
-8.743971e-02
1.258370e+00
3.874693e-01
1.172501e+00
-1.086078e+00
1.010178e+00
2.390020e-01
-1.426310e+00
-5.872707e-01
8.728680e-01
-1.091713e-01
3.910884e-01
1.143007e+00
-8.599894e-02
-3.929782e-01
1.854988e+00
2.243978e-02
-1.217824e+00
2.168498e-01
1.096858e-01
1.382212e-01
1.407456e+00
-6.165955e-02
2.038793e-01
1.237285e+00
-2.507962e-01
5.117486e-01
7.949640e-03
-5.223564e-01
6.609003e-01
-6.950299e-01
-7.568468e-01
1.317680e+00
1.512258e+00
2.718707e-01
-1.066748e+00
9.044148e-01
6.206314e-01
-5.595035e-01
8.660611e-02
-4.378766e-01
-1.834867e-01
-2.055916e-01
6.057181e-01
6.671047e-01
-1.053484e+00
1.856023e-01
7.723828e-01
2.768522e-01
3.627337e-01
7.247458e-01
-1.754492e+00
-1.438736e+00
7.021631e-03
-6.934913e-01
7.175651e-01
1.133294e-02
-7.030683e-01
9.610063e-01
2.252114e-01
-9.297399e-01
-4.164386e-01
-2.052480e-01
5.185304e-01
1.059561e+00
-2.743788e-02
-7.302808e-01
1.390213e+00
1.540340e+00
4.418209e-01
-2.946958e-01
-1.307550e+00
2.734786e-01
-2.265055e-01
-1.166284e-01
7.607422e-01
-6.752740e-01
-3.565222e-01
-1.696766e-01
5.926047e-01
-1.558717e-02
2.971159e-01
5.112689e-01
2.797478e-01
1.954686e-01
1.222503e+00
-1.354604e-02
NOISE
192
7.081183e-01
2.192502e-01
2.388433e-02
2.323661e-01
8.328818e-01
8.704329e-01
3.317961e-01
2.140120e-01
3.659508e-01
4.159396e-01
8.994672e-01
9.313160e-01
2.013578e-02
3.828575e-01
2.718718e-01
5.625993e-01
8.876337e-01
5.349849e-01
1.990365e-01
2.905271e-01
2.828414e-02
1.648872e-01
5.883272e-01
8.395074e-01
4.079343e-01
2.130714e-01
7.264609e-01
9.989773e-01
7.027472e-01
9.723351e-01
3.936298e-01
3.833224e-01
1.080413e-01
9.318357e-01
2.798527e-01
5.740780e-01
4.825033e-01
9.736498e-01
3.745235e-02
8.853191e-01
2.549593e-01
3.472459e-01
3.508060e-01
3.838717e-01
2.441129e-01
5.890416e-01
7.843974e-01
2.963183e-01
6.681294e-01
5.657422e-01
2.040201e-01
1.858532e-02
9.293474e-01
9.105826e-01
4.237423e-01
5.897934e-01
4.095467e-01
6.947466e-01
6.907922e-01
8.193561e-01
9.313240e-01
3.316135e-01
8.524697e-01
2.622587e-01
9.732053e-01
9.204049e-01
4.956895e-01
5.579485e-01
5.308937e-01
2.354366e-02
1.930305e-01
3.298780e-01
4.478326e-02
1.465626e-01
6.788120e-01
4.876975e-02
1.649357e-01
8.914863e-01
5.350371e-02
6.005828e-01
2.701414e-02
7.516604e-01
3.873716e-01
5.528293e-01
6.215313e-01
1.376521e-01
4.598146e-01
4.168013e-01
5.297643e-01
8.428990e-01
7.323619e-01
3.254046e-01
3.049515e-02
1.862144e-01
4.208564e-02
6.615667e-02
8.368388e-03
4.101582e-01
3.981767e-01
8.408161e-01
3.424807e-01
2.763786e-01
9.577734e-01
2.583255e-01
5.503475e-01
1.751400e-01
1.407640e-01
5.603234e-01
4.686263e-03
4.117177e-01
7.511797e-01
8.693609e-01
7.485210e-01
2.383923e-01
7.832989e-01
6.141501e-03
2.356238e-01
5.371630e-01
9.493428e-01
5.759543e-01
1.398332e-01
6.948536e-01
2.378771e-01
2.281252e-01
4.135687e-01
2.717056e-01
9.607331e-01
3.575504e-01
9.745861e-01
8.115088e-01
8.232758e-01
4.602484e-01
2.106216e-03
8.497713e-01
3.082505e-01
9.956022e-01
8.280918e-01
1.802032e-01
5.935668e-01
9.321582e-01
5.032059e-01
5.001442e-01
5.570315e-01
1.958502e-02
9.180014e-02
5.985469e-01
8.602114e-01
3.872523e-02
3.776501e-02
5.565313e-02
8.469284e-01
5.706654e-01
8.928674e-01
5.922109e-01
6.127694e-01
5.873233e-02
9.592807e-01
7.676217e-01
3.944349e-01
2.637373e-01
7.613182e-01
8.231863e-01
3.345205e-01
7.790424e-02
4.403019e-01
4.541321e-01
8.412813e-01
6.321387e-01
9.410884e-01
6.568942e-01
6.235801e-02
8.517442e-01
9.774132e-01
7.250156e-01
2.085658e-01
6.658327e-01
6.546544e-01
9.387335e-02
2.155226e-01
3.836268e-01
7.765692e-01
2.005437e-01
5.527800e-01
2.032487e-01
9.868251e-01
2.715540e-01
8.501773e-01
3.557279e-01
8.244449e-01
6.771332e-01
9.052684e-01
3.982277e-01
2.631942e-01
5.740249e-01
1.191387e-01
3.608903e-01
7.641998e-02
5.842319e-01
1.325158e-01
8.558162e-01
7.495258e-02
1.715618e-01
6.254681e-01
1.988521e-01
3.878190e-01
9.644360e-01
2.017102e-01
2.483630e-01
5.767121e-01
3.246018e-01
3.086138e-01
7.437618e-01
1.902206e-01
1.401970e-01
8.416135e-01
5.041392e-01
1.720362e-01
6.270623e-01
1.999785e-01
6.440532e-02
7.225197e-01
5.371738e-01
7.531647e-01
3.419067e-01
8.470572e-01
7.433742e-01
4.018417e-01
4.274781e-01
3.803318e-01
1.857512e-01
3.290506e-01
8.982430e-01
2.399580e-01
1.156191e-01
7.463226e-01
6.216297e-01
7.661436e-01
4.356223e-01
5.252939e-01
1.854270e-01
8.873000e-01
8.423945e-01
4.847231e-02
5.599603e-01
2.186419e-02
6.277232e-01
1.980986e-01
2.128979e-02
7.682120e-01
5.285781e-01
7.444820e-01
1.678011e-01
1.057989e-01
6.856836e-01
2.905687e-01
9.225744e-01
2.203808e-01
9.591913e-01
7.216570e-01
9.711777e-01
6.648583e-01
4.816638e-01
5.549704e-01
4.181407e-01
5.451916e-01
3.385375e-02
5.473843e-01
8.231246e-01
2.544655e-01
5.078075e-01
7.466130e-02
7.049194e-01
9.360355e-01
8.229503e-01
9.771504e-01
6.836803e-01
4.808386e-01
9.070047e-01
3.787312e-01
3.367749e-01
9.174149e-01
5.461247e-01
1.663184e-02
6.971050e-01
6.427743e-01
4.317788e-01
1.619726e-01
8.118296e-01
1.943220e-01
1.819910e-02
9.495412e-01
2.465302e-02
3.264266e-01
1.521225e-02
5.192300e-01
5.807961e-01
8.375893e-01
4.927568e-01
8.544145e-02
7.523534e-01
6.516211e-01
7.211974e-01
2.582903e-01
9.590688e-02
1.373707e-02
6.882573e-01
1.591898e-02
5.703112e-01
7.954998e-01
6.873693e-01
3.091624e-01
3.446176e-01
8.444308e-01
8.555170e-01
1.652145e-01
7.164958e-01
1.474587e-01
3.246647e-01
3.791193e-01
3.925332e-01
8.926944e-01
9.405785e-01
2.002002e-01
2.212102e-01
3.972994e-01
4.633068e-01
2.223369e-01
8.920580e-01
4.648006e-01
8.071433e-01
5.650136e-01
5.278748e-01
2.748067e-01
5.079459e-02
9.705207e-01
1.679795e-01
2.577572e-01
1.941692e-01
1.208353e-01
2.983997e-01
5.578915e-01
2.794559e-01
5.055246e-02
6.518867e-01
6.626451e-01
9.909929e-01
5.946242e-01
4.165645e-02
6.968454e-01
3.745609e-01
2.447432e-01
6.589613e-01
9.965504e-01
4.278741e-01
6.364087e-01
9.126721e-01
9.024013e-01
5.512989e-01
1.868808e-01
6.857621e-01
7.188387e-01
6.433033e-01
6.999537e-01
5.639469e-01
1.743059e-02
7.025129e-01
5.187747e-01
1.704170e-01
7.078957e-01
7.261110e-01
5.818078e-01
6.392015e-01
4.343137e-01
6.481783e-01
2.106154e-02
7.502744e-01
2.101101e-01
1.436114e-01
4.631167e-01
9.604916e-01
4.617021e-01
9.350890e-01
1.469772e-02
4.510577e-01
END