SIG
8
-1.043531e+00
1.070009e+00
-5.122667e-01
4.657069e-01
1.637489e+00
3.442415e-01
-4.768896e-01
1.161273e-01
3.096133e-01
-3.791795e-01
3.237174e-01
-3.117050e-01
-5.383445e-01
-8.027444e-01
1.276724e-02
1.003091e-01
SIG
12
-2.126913e-01
-3.181014e-01
-9.031690e-01
5.045731e-01
7.157977e-01
-7.842049e-01
-1.810326e+00
-2.855776e-01
5.423173e-01
-1.059052e+00
-3.048298e-01
-5.192491e-01
-2.991335e-01
9.016166e-01
3.362020e-01
-1.281759e+00
-2.302626e-01
-6.340665e-01
2.890360e-01
-1.049394e+00
-8.184910e-01
-1.945481e+00
-4.256412e-01
6.736059e-01
SIG
16
1.091837e+00
-9.288323e-02
-5.816602e-01
-2.367465e-01
4.225323e-01
3.183166e-01
7.706277e-01
3.847255e-01
-2.594721e-01
-2.399684e-01
-2.032858e+00
3.007707e-01
-8.674859e-03
1.360263e-01
-9.052594e-01
-4.100459e-01
8.554279e-01
-1.049151e+00
1.094193e-01
-4.636164e-01
1.317682e+00
6.817334e-02
-2.347675e-01
-5.036153e-01
-8.730403e-01
1.121810e-01
-8.120994e-01
7.418025e-01
-1.748264e-01
5.013527e-01
3.565491e-01
-1.135722e+00
SIG
20
-1.911828e-01
-5.972253e-01
4.063660e-01
-1.652781e-02
-8.254262e-01
6.673589e-01
-3.621478e-01
5.336377e-02
1.166193e+00
8.209491e-01
-1.390836e+00
-4.862558e-01
4.493652e-01
1.766245e-01
-1.612925e+00
-2.838246e-01
1.841996e+00
6.840999e-01
6.219856e-01
-8.559988e-02
-1.261834e+00
1.460898e+00
4.219431e-01
3.147528e-01
7.861151e-02
-3.351294e-01
-8.016665e-02
-8.482317e-01
1.094234e+00
2.653147e-01
1.101151e+00
-9.962429e-01
7.803201e-01
5.217906e-01
-2.395635e-01
-7.388624e-01
-4.272393e-01
-1.396960e+00
7.824433e-01
2.122827e-01
SIG
24
-3.837727e-02
-4.060964e-02
-3.413310e-01
1.160043e-01
3.537652e-01
-2.509294e-01
1.471405e-02
1.301879e+00
2.879852e-01
8.192848e-02
-5.455669e-01
-7.444901e-01
5.145195e-01
8.920924e-01
1.750039e-01
-1.364375e+00
-6.489754e-01
-3.603678e-01
4.276807e-01
-1.333086e-01
-1.612257e-01
-7.591675e-01
5.509878e-03
1.266823e+00
8.363456e-01
4.743559e-01
-7.333598e-01
2.442795e-01
-4.658484e-01
-1.172675e+00
7.681088e-01
4.312791e-02
2.415315e-01
4.124212e-02
5.958083e-01
1.912244e-01
-1.838279e-01
6.319929e-01
-2.449289e-01
1.628737e-01
-1.432035e+00
-5.444162e-01
-3.437564e-01
6.579825e-01
7.852650e-01
7.039459e-01
1.198838e+00
-9.071220e-01
SIG
28
2.782810e-01
-1.563196e+00
1.652926e+00
-7.543727e-01
-3.866851e-01
3.169217e-02
2.709604e-01
2.045783e+00
6.677622e-01
7.874895e-01
2.185953e-01
3.224908e-01
-2.756219e-01
1.587912e+00
3.377674e-01
7.711751e-01
-9.052059e-01
4.436124e-01
-7.270385e-01
5.398297e-01
1.138795e-01
-1.379599e+00
6.088609e-01
-2.737344e-01
-5.497893e-01
1.436053e+00
-4.927202e-02
-3.196672e-01
-6.683894e-01
-8.411294e-02
1.899154e+00
-4.257318e-01
-1.237736e+00
4.860136e-01
2.430079e+00
2.853134e-01
-1.287326e+00
-1.303148e-01
7.481606e-01
3.591728e-02
7.872924e-01
3.754379e-01
-3.158576e-01
-8.246817e-01
1.115975e+00
-4.888461e-01
4.104064e-02
-8.864843e-01
2.993493e-01
-3.266091e-01
5.227852e-01
-1.106831e+00
-1.085521e+00
-1.249116e+00
6.079801e-01
1.345381e+00
SIG
32
1.717824e-01
-3.153007e-01
-7.151547e-01
-1.066138e-01
-4.288596e-01
3.651831e-01
-8.563445e-01
-5.894453e-03
1.066059e+00
9.803705e-01
8.583881e-01
1.070659e-01
1.959618e-01
-6.002857e-01
-3.784871e-01
2.018447e-01
1.224357e-01
2.954555e-01
2.252832e-01
-3.498073e-01
-5.815948e-02
-1.158387e+00
-5.115222e-01
-9.585085e-01
1.010212e+00
-3.813457e-02
-4.416884e-01
-1.242329e+00
1.685678e-01
-5.045488e-01
2.912905e-01
-1.084424e+00
2.888173e-01
3.701136e-01
2.271473e-01
-9.117563e-01
1.336656e-01
4.754599e-01
-3.962990e-01
-2.877940e-01
2.280376e-01
1.228105e-01
-1.298095e-01
1.647287e+00
2.998932e-02
6.230362e-01
1.530854e-01
1.510297e+00
-2.405388e-01
6.687582e-01
-5.782372e-01
-2.358830e-01
3.462685e-01
1.085238e+00
4.818547e-01
-3.335928e-01
9.657279e-01
1.033049e+00
1.177390e+00
-7.609097e-01
-1.644694e-01
1.381846e+00
-2.896495e-01
-1.128237e+00
SIG
36
2.280458e-01
-5.186493e-01
8.312412e-01
7.245701e-01
-1.227361e+00
3.828889e-01
6.416169e-01
3.565819e-01
4.704730e-01
-9.401309e-01
-3.662011e-01
5.789285e-01
-1.788687e+00
9.299007e-02
1.189288e-01
-8.918406e-01
2.287972e-01
4.019272e-02
1.156884e+00
1.819962e-01
-7.600128e-01
4.462456e-03
-1.894459e-01
-3.138186e-01
2.269946e-01
-7.280027e-01
-2.253120e-01
-3.940391e-01
1.055596e-01
4.863251e-02
-1.352904e+00
-6.490706e-01
-6.947267e-01
-5.299129e-01
9.542191e-01
1.006846e+00
-2.212061e-01
-7.523488e-01
-8.052995e-01
-1.146992e-01
2.860064e-01
9.364743e-04
-9.148781e-01
3.845205e-02
-4.325107e-01
7.853193e-01
-9.731510e-01
1.309529e+00
8.543909e-01
2.649933e-01
2.102308e-01
1.107589e+00
7.318729e-01
-5.591568e-01
1.169719e-01
1.391031e-01
-5.777042e-02
1.250091e-01
-4.690179e-01
9.121947e-01
8.544695e-01
2.255371e-02
5.087515e-01
1.974226e-01
1.456354e+00
-3.980527e-01
5.307328e-01
-7.761242e-01
-5.693613e-01
1.726838e-01
7.717416e-01
3.308347e-01
SIG
40
8.038592e-01
-1.901202e-01
6.144111e-01
-1.505477e+00
-1.204640e+00
-5.979697e-01
-8.001206e-02
-1.809871e+00
-3.600689e-01
-2.444301e-01
8.455387e-01
3.080865e-02
-4.759906e-01
1.324169e+00
5.202220e-01
-6.128848e-01
2.244287e-01
-6.015975e-01
-1.136027e+00
1.612416e+00
-3.398942e-01
-1.045862e+00
-1.828094e-01
-4.786076e-01
-1.649133e+00
-6.658597e-02
-5.462378e-02
-1.507038e+00
-2.765124e-02
3.823425e-02
-1.400522e+00
1.575356e-01
6.742259e-01
2.583874e-01
9.036602e-01
7.685616e-01
3.709775e-01
1.419434e+00
2.536841e-01
-5.200998e-01
-6.268816e-01
-1.236701e+00
9.073757e-01
-1.976713e+00
-6.877602e-01
-6.212662e-01
4.067776e-01
2.079053e-01
-3.576700e-01
4.954970e-01
1.641084e+00
2.243436e-01
1.941701e-01
9.632632e-01
-5.976546e-03
6.918914e-01
8.056722e-01
-6.647199e-01
8.041884e-01
-2.838396e-01
2.153071e-02
-1.408912e+00
-1.892615e-02
-2.637683e-01
-7.678016e-01
1.171837e-01
-9.710080e-01
2.132422e-01
-5.755577e-01
9.110712e-02
-4.142932e-01
-2.682385e-01
-4.025882e-01
-6.789043e-01
-4.956259e-01
-3.076016e-01
1.879315e-01
8.340848e-01
1.200145e+00
-8.439410e-01
SIG
44
-5.701767e-01
-6.672721e-01
3.976258e-01
-1.780367e-01
-1.677786e-01
-3.318599e-02
-6.778113e-01
-9.895208e-02
-1.016640e-01
-1.862357e-01
2.915867e-02
-2.166802e-01
4.421957e-01
-1.369159e+00
-5.324644e-01
-1.911759e-01
2.780183e-02
1.388947e+00
7.647336e-02
-1.194402e+00
-8.915859e-02
-9.366584e-01
-2.299787e-01
7.845391e-02
-5.622561e-01
3.585500e-01
-1.071529e+00
-2.870755e-01
-1.223665e+00
1.353595e+00
-5.386040e-01
-7.492211e-01
-3.574387e-02
-5.275591e-01
-1.270298e-02
-5.023679e-01
-6.883910e-01
-8.133578e-01
-4.971089e-01
-2.940975e-01
-1.528211e-01
9.838593e-01
6.005825e-01
-1.238261e-01
-9.786099e-01
-1.025787e-01
1.289767e+00
3.740723e-01
-6.835949e-01
-3.550982e-01
2.199668e-01
-6.126951e-02
-9.435101e-01
8.114346e-01
-8.029380e-01
3.670888e-01
-8.381197e-01
1.587813e-01
7.232227e-01
1.265437e-01
-3.584460e-01
1.691072e-01
7.155656e-02
-1.352110e-01
-8.074442e-01
3.200647e-01
-9.750778e-01
4.908975e-01
-8.427359e-01
-4.074832e-01
-1.670971e-01
3.085140e-01
-2.868066e-01
9.753912e-01
7.712969e-01
-1.644592e-01
-6.438642e-01
1.984528e-01
-1.905590e-01
5.914058e-01
7.626995e-01
1.836643e+00
1.774056e-01
1.792257e-01
-1.597271e+00
8.196247e-01
-9.821136e-01
9.830528e-02
SIG
48
-3.127956e-02
7.486833e-01
-1.610998e-01
-3.592765e-01
-1.404565e-01
2.593613e-01
2.717774e-01
-3.612229e-02
1.119961e+00
3.422243e-01
1.204392e+00
9.512845e-01
4.418179e-01
9.682032e-01
5.380867e-01
-4.802856e-02
-5.075751e-01
8.487413e-01
8.174887e-01
1.657486e-01
3.415432e-01
1.044022e+00
6.521495e-01
-3.348512e-01
-5.699650e-01
2.750893e-01
-1.134849e+00
2.350575e-01
5.637075e-01
1.821200e-01
1.292236e-01
-4.454996e-03
1.224481e+00
7.943702e-02
1.439017e+00
3.612243e-01
3.567846e-01
5.872510e-01
1.596003e-01
-8.333966e-01
1.692902e+00
-2.200563e-01
1.565965e-01
-3.000197e-01
-3.098081e-01
-8.626609e-01
1.303495e+00
9.008378e-01
-3.647669e-01
-1.325205e+00
-4.628138e-01
6.333804e-02
4.874869e-01
3.031257e-01
-8.350902e-01
4.254350e-02
-6.456609e-01
5.149346e-02
-2.450780e-01
-9.912483e-02
-9.760481e-01
9.720302e-02
8.249582e-01
5.473025e-01
5.531279e-02
-3.605849e-02
-9.896603e-01
-4.605106e-01
-2.581872e-01
2.110021e-01
7.569711e-01
2.720175e-01
1.358410e+00
-4.986375e-01
-1.278243e+00
8.555872e-01
-5.013581e-01
-1.899285e-01
-7.535230e-01
-4.456831e-01
-1.734104e-01
-4.124833e-01
1.868600e-01
1.858982e-01
7.447455e-01
6.358089e-01
-6.867800e-01
9.183890e-01
-5.103154e-02
-1.317231e+00
7.751625e-01
-1.577753e+00
1.252460e+00
4.776817e-02
5.288602e-01
5.064658e-01
SIG
52
2.431904e-01
-2.339322e-01
-4.779152e-01
-6.085399e-01
-6.567847e-02
-5.874512e-01
-2.189112e-02
-1.025698e+00
-2.696117e-01
9.776950e-01
8.421700e-01
1.298198e-02
3.056224e-01
-4.975082e-01
1.687141e-01
1.369630e+00
-5.567776e-01
4.208696e-01
4.216606e-02
-8.483239e-01
5.465820e-01
-5.216921e-01
-5.110649e-01
-7.375384e-01
-2.622133e-01
9.170546e-01
-1.112253e+00
9.364410e-01
-5.753921e-01
4.917192e-01
-7.988188e-01
-7.870509e-01
1.017220e+00
-5.978477e-01
-4.603133e-01
3.247146e-01
-6.897500e-01
1.172201e-01
-8.985195e-01
-6.964524e-01
-2.557018e-02
7.349879e-01
-8.532823e-01
-9.682058e-01
1.262352e-01
1.283790e+00
-4.975457e-01
1.204726e+00
-3.243978e-01
-5.895904e-01
1.755935e-01
-3.859955e-01
5.106919e-01
1.559192e+00
-1.048631e-01
9.521004e-01
1.840711e-01
6.870915e-01
-9.569790e-01
-3.844174e-01
3.105259e-01
4.767587e-02
-1.418109e-01
1.991066e+00
-5.801598e-01
2.437537e-01
8.821734e-01
6.855082e-01
6.357270e-01
-8.771959e-01
4.962855e-01
3.655069e-01
-3.435359e-01
-1.709310e-01
-1.403556e+00
4.318699e-01
-1.601305e-01
8.804225e-01
1.799497e-01
9.266240e-01
1.601370e+00
-9.414433e-02
3.639642e-01
6.660235e-01
5.305011e-02
-5.316308e-01
8.975684e-02
-1.719212e-01
5.079508e-01
-8.665297e-01
-3.988848e-02
-2.763862e-01
-1.009483e+00
-6.296360e-01
2.689235e-01
-6.866963e-01
-1.387577e+00
4.240887e-01
-6.047796e-01
-8.720563e-02
-1.296840e+00
-8.038630e-01
2.454393e-01
-1.022876e-01
SIG
56
-8.395982e-01
9.607181e-01
3.036224e-01
8.905593e-01
8.704796e-01
1.012310e+00
1.160008e-02
-3.728691e-01
-2.694913e-01
-1.142479e-01
7.517464e-02
-2.471073e-01
2.329925e-01
-3.849422e-02
9.164776e-02
5.188905e-01
-2.502688e-02
7.581261e-01
-3.112303e-01
8.818295e-01
4.124241e-01
6.557539e-01
1.848022e-01
-4.384921e-01
-1.170021e-01
-1.412731e+00
5.080734e-01
1.078035e-01
-1.692342e+00
-5.825851e-02
6.192676e-01
5.938815e-01
-1.156824e+00
8.949325e-02
-8.593709e-01
-5.995720e-01
-9.056433e-03
4.923854e-01
-5.877105e-01
1.095856e+00
1.450240e+00
-1.190411e+00
-8.716757e-01
-3.372334e-01
-2.772775e-01
-2.368049e-01
-4.582425e-01
-7.126983e-01
-1.506484e+00
2.985666e-01
-3.381154e-01
-1.552560e-03
1.958084e-01
-8.747400e-01
-1.731755e-01
2.493121e-01
7.794964e-01
-6.344647e-01
6.804398e-01
9.815028e-01
3.838495e-01
5.823069e-02
-8.131666e-01
-4.449636e-01
-8.415576e-01
-4.961019e-01
-4.078145e-01
8.679991e-01
-3.287277e-01
-4.416893e-03
-1.192244e+00
2.307241e-01
-7.257503e-02
-4.944579e-01
-5.041076e-01
3.239452e-01
3.547112e-01
6.360626e-01
1.844839e-01
1.256837e+00
2.031747e-01
2.600908e-01
5.770425e-01
1.771557e-01
5.869308e-01
-2.200101e+00
1.409910e+00
-7.665678e-01
-4.397230e-01
-4.251438e-01
-3.902429e-01
-1.327885e+00
2.446053e-01
-6.517626e-01
3.551144e-01
9.856247e-01
4.193667e-01
3.370820e-01
-2.051213e+00
-5.061384e-01
-2.898215e-01
4.859622e-01
6.160414e-01
3.084377e-01
3.211549e-01
-7.891196e-01
9.797667e-01
-1.669165e+00
7.099711e-02
7.315054e-02
7.912654e-02
-1.108839e-01
SIG
60
4.061420e-01
2.188249e-01
-5.501702e-01
-1.849928e-01
2.835851e-01
-6.453918e-01
-1.378576e-01
1.508557e+00
1.105230e+00
-1.060272e+00
3.279983e-01
-9.809446e-02
-7.344588e-02
4.275293e-01
5.023691e-01
9.282260e-01
-1.373210e+00
3.518192e-01
-5.410675e-01
7.268096e-01
1.328497e-01
2.602560e-01
1.274867e-01
-1.986911e-01
1.173780e+00
-1.133732e+00
7.365991e-01
6.550647e-01
-1.545104e+00
-1.360561e+00
1.076681e+00
4.372925e-01
-5.751768e-01
-2.673498e-01
3.801773e-01
7.400352e-01
-3.479383e-01
7.773112e-02
-1.113833e+00
5.311758e-01
-1.652753e-01
5.074626e-01
-1.201608e-01
4.592081e-01
-1.223355e+00
1.650795e-01
9.264192e-01
1.430960e-01
-2.379307e-02
-5.341517e-01
2.886785e-01
4.593786e-01
2.954259e-01
-8.952267e-01
1.434524e-01
4.619944e-01
7.991266e-01
-2.139663e+00
-9.717258e-01
1.924449e+00
-3.218826e-01
6.831280e-01
-6.802243e-01
-3.164745e-01
8.276006e-01
-7.227532e-01
-6.496170e-01
-1.082273e+00
3.317096e-01
5.054233e-01
8.794458e-01
7.791937e-01
-6.164681e-01
-1.503433e+00
1.456339e+00
-4.483974e-01
2.704442e-01
-8.166371e-01
-2.116598e-01
-2.577708e-01
4.666925e-01
-5.222699e-01
-3.278759e-01
1.177804e+00
4.280962e-01
3.078352e-01
1.125225e+00
-5.082474e-01
-2.805006e-01
3.243186e-01
-4.682826e-01
8.820990e-01
5.441271e-01
5.399793e-01
-2.780911e-01
9.613802e-01
-3.029328e-01
-3.787310e-01
-1.285752e-01
-1.011780e+00
4.357824e-01
1.318982e+00
-1.537655e-01
-4.348792e-02
-4.749780e-01
-1.089457e+00
2.728950e-01
-9.374602e-01
8.306325e-01
5.847166e-01
8.186678e-01
-1.250549e+00
-4.908956e-01
-8.800929e-01
1.168168e-02
-1.063449e-01
-5.730369e-01
1.429774e+00
8.461550e-01
4.628766e-01
SIG
64
-1.191439e+00
-2.982223e-01
1.834619e-01
5.689432e-01
-3.635860e-01
1.258117e+00
-5.581866e-02
2.837461e-01
4.784354e-01
-8.121857e-01
-6.360883e-01
1.131526e+00
-1.311808e+00
7.710774e-01
-6.468564e-01
2.331219e-01
-1.051676e+00
-4.720254e-02
7.469052e-01
5.936694e-01
4.912628e-01
-2.307231e+00
-1.014463e+00
-4.384734e-01
1.463149e+00
-6.656969e-01
9.655069e-01
6.453165e-01
-3.079917e-01
3.342048e-01
1.342705e+00
-6.029497e-01
3.821649e-01
7.314811e-01
-2.922405e-01
5.677729e-01
-4.956651e-01
1.323486e+00
-6.499414e-01
-6.377582e-01
8.711707e-01
1.686916e-01
4.517343e-01
-1.802686e-01
9.768475e-01
2.449797e-01
7.547932e-01
-3.175991e-01
2.611446e-01
4.805823e-01
6.166725e-01
-7.448555e-01
7.077022e-01
3.449758e-01
5.712460e-02
7.955367e-01
3.846586e-01
2.934070e-01
-3.161475e-01
-8.937423e-01
3.962474e-01
-1.810131e-01
-3.831708e-01
1.802269e-01
-3.005897e-02
5.253276e-01
5.625893e-01
2.009000e-01
6.636133e-01
9.343891e-01
-1.128858e-01
-5.074871e-01
8.382993e-02
-8.061460e-01
6.351708e-01
8.513314e-01
5.784031e-01
2.559332e-01
-8.950337e-01
2.049429e+00
1.522701e-01
-8.187122e-01
8.988235e-01
-1.268295e-01
3.118449e-01
6.010583e-01
-7.301691e-01
6.998110e-02
6.007810e-01
-9.701059e-01
6.024236e-01
2.634140e-01
2.247987e-01
8.210586e-01
1.209358e-03
-1.101328e+00
-1.630386e-01
2.865136e-01
5.540424e-01
-3.675918e-01
1.176943e+00
-5.174088e-02
1.329545e-01
-9.374038e-01
-2.453720e-01
-4.476416e-01
-7.357654e-01
-2.783468e-01
-6.924601e-01
-9.230380e-02
1.192206e-01
3.430127e-01
-2.843241e-01
1.022473e+00
4.048110e-01
-3.491643e-02
-7.169708e-01
4.749730e-02
-1.154052e-01
1.311961e+00
-4.293156e-01
1.317003e+00
6.592293e-01
-8.952776e-01
8.035934e-01
-1.854170e-01
2.026940e-01
1.187010e+00
SIG
68
6.134838e-01
-2.053695e-01
3.485078e-01
-4.186024e-01
-7.726143e-01
9.818676e-01
-1.187415e-01
4.434268e-01
-3.745979e-01
-3.532262e-01
1.113645e+00
-2.221656e-01
4.509091e-01
-5.579574e-01
6.993876e-01
-7.207450e-01
-4.749353e-02
-4.120687e-01
-1.380256e+00
-1.091232e+00
3.623858e-01
1.212463e+00
-9.789219e-01
-8.644389e-02
7.550007e-01
-2.405881e-01
5.454602e-02
-2.783992e-01
-6.889770e-02
-1.226456e+00
-6.124111e-01
-9.221348e-01
-1.264719e+00
5.129785e-01
-6.787936e-01
-4.767064e-01
-7.675408e-01
6.874209e-01
8.000831e-01
-1.305271e+00
-5.974107e-01
7.274367e-01
1.946279e-01
-1.478568e-01
3.719110e-01
-1.058062e+00
-1.763972e+00
1.085654e+00
1.214679e+00
5.204057e-01
1.209895e-01
-5.157698e-01
5.844557e-01
2.175126e-01
8.373922e-01
6.501071e-01
-1.471865e+00
-1.142644e+00
-2.774541e-01
3.714440e-01
4.413614e-01
7.203275e-01
-4.893571e-01
1.557850e-01
7.160643e-02
3.068101e-01
1.582479e+00
1.068756e-01
-8.991893e-01
-3.465552e-01
-7.282035e-01
-2.271845e-01
8.957518e-01
9.316660e-01
-2.192884e-01
-1.394753e+00
4.542152e-02
-6.190596e-01
-2.154982e-01
-1.300252e-01
-4.888718e-01
5.326972e-01
2.773834e-01
-7.919149e-01
1.368670e-01
6.625914e-01
2.559699e-01
1.476025e+00
4.686736e-01
3.085975e-01
-1.313961e-01
-6.456545e-01
-1.111161e+00
1.024889e+00
1.434569e-01
-7.545907e-01
-1.919261e-01
7.794327e-03
6.643509e-01
-4.983029e-01
8.459945e-01
-2.009497e-02
1.184764e-01
-1.944807e-01
1.019598e+00
8.491777e-01
1.131804e+00
-5.677365e-01
-1.311391e-01
2.420575e-01
-7.558249e-01
3.276667e-01
2.658315e-01
-4.268224e-02
5.917446e-01
1.439769e-01
-4.369492e-02
1.261853e-01
-5.017217e-02
-3.221692e-01
6.160276e-01
-1.450753e+00
-5.102828e-01
-2.785198e-01
1.825928e-01
-7.609194e-02
-6.260104e-02
2.390708e-01
1.879869e-02
-4.595581e-01
-2.703905e-01
-8.272660e-01
5.873958e-01
-6.227366e-01
-6.169624e-01
-9.236080e-01
SIG
72
2.195771e-01
-2.542623e-01
-5.500552e-01
4.297451e-01
2.166337e-01
-3.414410e-01
1.674954e+00
3.273390e-01
-2.819743e-01
1.756136e-01
9.101368e-02
3.221954e-01
4.176543e-02
-1.319822e+00
1.245357e+00
6.865379e-02
-8.858961e-01
-7.934345e-01
2.347910e-01
1.167770e-02
-8.489689e-01
2.206650e-01
-3.257822e-01
-1.825414e-01
2.023743e-01
1.520247e-01
1.081132e+00
5.504506e-01
1.318276e-01
-1.043232e+00
-2.760390e-01
4.153381e-02
9.321372e-01
-1.438508e+00
-8.521641e-01
6.942825e-01
-7.561188e-01
7.970619e-01
-5.896239e-01
5.312947e-01
-8.852604e-02
-1.609858e+00
-2.121554e-02
3.255364e-01
3.491257e-01
-5.276410e-01
-9.777493e-02
-1.000512e+00
-6.106102e-01
1.423055e+00
-7.858898e-01
1.410011e+00
-1.357621e-02
9.820980e-01
-9.193137e-01
7.064021e-01
5.249491e-03
3.484916e-01
5.755345e-01
-2.824924e-01
2.206950e-02
1.414813e+00
2.039037e-01
-2.038908e-01
-1.288741e+00
-1.797341e-01
-9.625720e-01
-3.794843e-01
-1.854237e-01
4.087965e-02
-1.486985e+00
5.845734e-01
-3.997758e-01
-2.212706e-01
-9.765003e-01
9.796015e-01
1.595837e-01
-2.166756e-02
4.486177e-01
5.827846e-01
8.752367e-01
3.784356e-01
7.078710e-01
-5.042815e-02
3.226461e-01
1.423662e+00
-4.828925e-05
-8.614260e-01
-6.578651e-01
4.161214e-02
7.424748e-01
9.836553e-01
-7.193164e-01
2.203235e-01
-2.688317e-01
3.545048e-01
5.917181e-01
1.124270e+00
-1.099769e-01
4.627875e-01
-8.295324e-02
4.549014e-02
5.251995e-01
5.391225e-01
-4.265911e-01
-1.315547e+00
-6.742760e-01
-2.227644e-01
1.375252e+00
-4.054339e-01
-1.022498e+00
-3.158232e-01
-5.267677e-01
-5.855683e-01
-2.758803e-01
3.210732e-02
1.328489e+00
-2.043142e-02
-4.078556e-01
2.633769e-01
-5.416790e-02
9.252775e-02
-2.075208e-01
2.926117e-01
-4.985911e-01
2.588486e-01
3.160564e-01
-3.148045e-01
8.605078e-01
-1.827054e-01
1.829629e+00
5.670201e-01
9.360282e-01
-1.483009e+00
-5.900659e-01
1.243248e+00
-1.152269e+00
4.055783e-01
-5.415150e-01
7.179073e-01
-1.279116e-01
1.203759e+00
3.608984e-01
4.732335e-01
SIG
76
-6.533909e-01
-5.180193e-02
-1.564254e+00
3.431028e-01
1.610814e-01
1.909819e-01
1.138591e-01
1.069311e-01
-2.370071e-01
-2.194951e-01
5.330434e-01
-6.393338e-01
-5.085868e-02
-1.183124e-01
7.938967e-02
-3.159991e-01
-3.990256e-01
-5.736888e-01
-2.935905e-01
5.648218e-02
-1.859146e-01
-1.877287e-01
3.760604e-01
5.399584e-01
-2.663404e-01
-6.276322e-01
-1.622361e-01
-6.010297e-01
-7.408897e-01
-3.774692e-01
8.708394e-01
5.098941e-02
9.024647e-02
-2.082258e-01
-1.703558e-01
-3.647968e-02
-8.961572e-02
-6.157160e-02
-4.296371e-01
-1.209461e-01
-7.106850e-01
-1.181617e+00
1.031224e+00
8.403152e-02
1.739507e-01
-5.256312e-01
-3.459635e-01
9.330016e-01
1.113999e-02
4.830201e-02
9.340126e-01
5.248675e-01
-4.453295e-01
-4.657209e-01
-3.355081e-01
-3.077796e-01
9.516615e-01
6.587654e-01
-1.214795e+00
-1.392159e+00
-5.456802e-01
-5.186167e-01
4.725117e-01
8.191505e-01
3.726228e-01
-1.612978e+00
2.371386e-01
-1.247770e-01
3.554944e-01
8.201458e-01
1.435351e-01
-7.310614e-01
-4.417964e-01
-6.587728e-01
1.683340e-01
-3.354196e-01
3.313623e-01
1.089850e+00
3.043781e-01
3.083284e-01
5.666479e-03
2.916155e-01
5.473837e-01
3.841232e-01
1.255844e-01
1.470118e+00
-5.774828e-01
-1.405242e-01
-4.777243e-01
3.096096e-01
3.613609e-01
2.495237e-01
-8.408664e-01
8.841871e-01
-7.909276e-01
8.608206e-01
3.265987e-01
1.163628e-01
-2.421559e-01
-7.107163e-01
-1.453019e-01
3.503516e-01
5.762172e-01
1.616079e-01
6.797691e-01
2.163812e-01
1.216091e+00
-1.284420e+00
1.057849e+00
4.302645e-02
-2.971960e-01
7.648111e-01
1.272439e-01
3.021065e-01
6.556234e-01
-6.072183e-02
-7.877854e-01
-4.650977e-01
-5.816039e-01
5.457857e-01
1.100986e+00
-3.093832e-01
-9.762718e-01
-2.557843e-01
1.369451e+00
2.447735e-02
-6.143403e-01
8.570533e-02
1.371310e-01
1.270895e-01
3.521444e-01
-2.149628e-01
1.515534e+00
-4.404905e-01
3.648370e-01
-7.504026e-01
-9.668242e-02
-4.784138e-01
-6.725924e-01
1.218278e+00
-7.660584e-01
6.906298e-01
-9.432317e-01
-5.681438e-01
4.772887e-01
5.389963e-01
-7.719237e-01
1.802186e+00
-4.590864e-01
-1.970900e-01
7.054358e-01
-3.553753e-02
SIG
80
9.519756e-02
-9.976234e-01
1.061646e+00
1.732752e-01
-1.332910e+00
7.783084e-01
-5.191199e-02
1.605386e+00
5.056822e-01
-9.186063e-01
3.976265e-02
9.353473e-02
4.499284e-01
-8.885341e-01
-5.713320e-01
-2.261233e-01
4.268602e-01
6.743238e-01
2.627294e-01
3.492491e-01
-2.348601e-01
-7.290426e-03
2.607012e-01
-2.147177e-01
-6.764199e-01
3.889733e-02
-5.662944e-01
1.012873e+00
-1.108655e-02
7.548372e-01
1.071668e-01
7.342995e-01
2.008100e+00
-5.421437e-01
9.146006e-01
1.901332e-01
4.482359e-01
8.159508e-01
4.566533e-01
-3.422045e-01
-1.176299e+00
4.490737e-01
1.257731e+00
5.078270e-01
-3.433441e-01
-4.567836e-01
-2.004978e-02
-8.602096e-01
-4.382168e-01
-4.557588e-01
-4.084216e-01
-6.793138e-01
7.510404e-01
2.406214e-01
7.340648e-01
-8.605005e-01
-4.884409e-01
7.584356e-01
1.564689e-01
-1.834224e-01
-1.145404e+00
3.150430e-01
-8.861138e-01
2.672294e-01
-3.575727e-01
-1.228463e-01
1.980248e-01
-1.562565e+00
-1.146256e-01
1.094233e-01
3.160997e-01
-1.216258e+00
-8.825246e-01
1.052977e+00
-1.644664e-01
-7.395348e-01
-2.233358e-01
9.058643e-01
9.581312e-02
1.831264e-01
-1.256218e+00
7.999287e-01
-1.029173e+00
1.256330e+00
-4.959418e-02
3.422297e-01
-3.896643e-01
-1.068817e-01
5.302443e-01
-2.959805e-01
5.152464e-01
2.261723e-02
-1.151197e-01
2.905995e-01
-9.739418e-02
-1.241323e+00
-3.397698e-01
-1.007920e-01
-3.771482e-02
1.421183e-01
-1.400879e-01
-8.133492e-01
6.941198e-01
-8.480490e-03
8.637974e-01
7.125313e-01
-4.407836e-02
6.889097e-01
-5.477706e-01
2.843813e-01
3.035680e-01
4.720941e-01
-7.446690e-01
-7.081866e-01
-7.883154e-01
1.362657e+00
1.649294e-01
4.011280e-01
2.632056e-01
-4.989880e-01
3.821973e-01
-3.406511e-01
1.275115e+00
-9.231298e-01
-4.583083e-01
-3.306257e-02
-7.204283e-01
1.985906e+00
1.496046e+00
-1.005404e+00
-1.024219e-01
2.938813e-01
-4.508129e-01
2.274764e-02
-7.336085e-03
-1.816076e+00
1.747444e-01
1.053959e+00
-9.333299e-01
4.698405e-01
3.524892e-01
-2.157930e-01
-5.283934e-01
-3.479591e-01
-6.803860e-01
-2.840220e-01
-1.103131e-01
7.990351e-01
1.940028e-01
-2.592614e-01
-7.626353e-01
5.069032e-01
1.805142e-01
5.382503e-01
-3.438004e-01
1.564696e-01
-1.094378e+00
5.324295e-01
-2.064133e-01
1.044707e+00
SIG
84
6.890910e-01
-2.072740e-01
-9.402786e-01
-1.173527e-01
3.131972e-01
-5.390280e-01
-8.951547e-01
-1.100517e-01
8.980227e-01
-6.996561e-01
4.520513e-01
1.740620e-01
8.333358e-01
-1.857435e-01
-8.397201e-02
-5.427703e-01
-6.833600e-01
5.319612e-01
-9.296807e-01
1.638308e+00
7.730069e-01
-1.345128e-01
9.671951e-01
-2.440818e-01
-1.409367e-01
-1.102130e+00
-2.249579e-01
6.182599e-02
-4.805457e-01
2.143911e-01
-1.372859e-01
-3.249302e-01
-4.741672e-01
-5.665407e-01
6.909975e-01
-6.605148e-01
-4.881878e-02
-6.041056e-01
5.114804e-01
1.939122e-01
-7.479758e-01
2.566650e-03
7.511082e-01
-3.477879e-01
-6.923388e-01
-5.174168e-01
5.220018e-01
1.323577e+00
6.550868e-01
4.419719e-01
-2.876166e-02
-1.148182e-01
-7.209611e-01
-2.449489e-01
1.486977e-01
5.911240e-02
-8.746706e-02
8.279218e-01
3.779569e-01
1.359974e-01
-7.595976e-01
-1.733972e-01
4.878859e-01
-5.005118e-01
2.087497e-01
-1.128724e-01
-7.515930e-01
-4.229711e-01
-9.039070e-01
-7.474938e-01
-6.739202e-01
3.660388e-01
1.557139e+00
9.579717e-01
-6.235506e-01
4.975367e-01
-1.830699e-01
2.953742e-01
-1.341049e+00
-8.962982e-01
-4.017326e-01
1.045709e-01
-3.421514e-01
-2.540898e-02
-8.660590e-01
-4.427538e-01
-7.308039e-01
5.021551e-01
1.975763e-01
-6.390499e-01
1.734991e-02
-2.961622e-01
-2.628776e-01
5.013436e-02
-6.267849e-01
2.495835e-01
-4.723613e-01
-1.301475e-01
1.385954e-01
-1.380331e-01
4.848718e-01
1.314487e-01
-7.172982e-01
-3.226964e-01
3.224346e-01
6.389732e-01
1.050452e-01
-6.767905e-01
-1.746649e-01
-8.197673e-01
-8.467471e-01
6.420680e-01
1.324996e-01
4.317156e-01
-1.302066e-01
-3.947304e-01
-4.351437e-01
9.300891e-01
-7.412230e-01
-7.415914e-01
1.057671e+00
-5.223922e-01
1.826155e-01
-2.109565e-01
-2.394733e-01
1.239159e+00
-2.412551e-01
8.749682e-01
1.098769e-01
-5.174918e-01
1.638476e-01
-5.387377e-01
-5.307188e-01
4.092058e-01
6.371117e-01
-1.339026e+00
1.725546e+00
2.141264e-01
7.130484e-01
8.631760e-02
-2.211765e-01
6.903883e-02
-9.239849e-02
-4.068994e-02
-1.955864e-01
-9.523290e-01
-2.417531e-01
5.903647e-01
4.699779e-01
-1.711841e+00
-1.634422e-01
1.130191e+00
2.937088e-01
-4.093736e-01
5.558155e-01
-1.029999e-01
-4.068312e-01
-3.069521e-01
7.503243e-01
-7.044175e-01
1.228145e-01
-1.906074e-01
-5.904121e-01
-1.472700e-01
-1.105365e+00
-5.161684e-01
-8.784623e-01
-6.983182e-01
SIG
88
-7.559429e-02
1.571932e+00
-2.284987e+00
5.308517e-01
1.690879e+00
-8.205584e-01
-1.823023e-01
-4.622865e-02
5.230708e-01
-9.487438e-02
-3.253064e-02
1.887181e-01
-4.025486e-01
-1.383361e+00
-2.016245e-01
-5.411367e-02
1.676618e-01
5.955061e-01
-8.294293e-01
-2.024402e-01
1.317227e-01
1.926097e-01
4.562162e-02
4.854562e-01
-4.110532e-01
-6.333940e-01
7.057464e-01
-3.991690e-01
-6.920115e-01
8.587932e-01
-1.175901e+00
-4.741982e-01
1.165044e-01
-8.029372e-02
-1.245202e+00
-1.216225e-01
-3.568861e-01
-6.752116e-02
2.108457e+00
-5.439048e-01
-7.384517e-01
-7.175726e-01
-3.490694e-01
-9.105696e-01
-5.078267e-02
2.170855e-01
1.306182e-01
-3.651186e-01
7.006611e-01
-1.273394e+00
-1.461810e+00
6.593808e-01
2.769923e-01
1.326333e-01
-1.195452e+00
2.192772e-01
-9.149429e-02
-2.454919e-01
2.403412e-01
-2.735381e-01
1.003383e+00
-1.116314e+00
2.948576e-01
-9.806336e-01
1.589301e-01
3.975999e-01
2.166253e-01
1.489437e-02
-9.960375e-02
1.599548e+00
1.340492e+00
-4.361221e-01
1.432489e-01
1.064362e+00
4.504548e-02
5.758312e-01
6.464952e-01
4.286039e-01
-4.334055e-01
-4.368208e-01
4.024210e-01
8.264960e-01
6.523653e-01
-3.839193e-02
-6.626876e-01
5.481032e-01
4.189676e-01
2.726383e-01
3.959544e-01
-6.775744e-01
3.698452e-02
-8.400149e-01
1.444599e+00
-8.266092e-01
-7.596925e-01
-4.861889e-02
9.442318e-01
8.068425e-01
-9.089961e-01
9.755351e-01
1.498619e-01
1.286628e-01
-1.054775e-01
3.106298e-01
9.782896e-01
1.180876e+00
8.715694e-01
-1.310311e+00
-1.456821e+00
-7.357092e-02
4.798539e-01
6.218549e-01
-2.345988e-01
7.766914e-01
3.255995e-01
2.155146e-01
6.492540e-01
-8.932162e-01
-2.968718e-01
-1.427253e-01
5.659080e-01
-2.583383e-01
3.791958e-01
1.543727e-02
-8.100942e-01
1.057805e+00
-3.770848e-01
9.150257e-01
-5.736988e-01
-5.390622e-01
1.432729e-01
-1.289619e-01
-3.289641e-01
-1.473917e+00
1.828591e-02
1.357338e+00
-1.516170e+00
-1.025053e+00
-8.573446e-01
-5.860305e-01
-1.120872e+00
3.030887e-01
5.574672e-01
-1.228945e+00
1.712705e-01
-6.949437e-01
-5.400742e-01
6.976580e-02
-3.239758e-01
8.896696e-01
-3.663649e-01
-2.222549e-01
-3.009910e-01
-1.187120e+00
-7.021215e-01
1.816725e+00
-1.286949e-01
1.032776e+00
-1.079555e+00
2.927380e-01
5.417284e-01
-9.482739e-01
-8.553244e-01
7.050296e-01
1.732664e+00
3.156091e-01
4.381255e-01
2.082968e-01
1.487703e-01
2.066169e-02
1.765238e-02
5.099218e-01
1.071703e+00
-3.016456e-01
6.813384e-02
-1.601578e+00
SIG
92
-1.173646e+00
5.375503e-01
-1.072331e+00
-6.776909e-01
8.913979e-01
2.375602e-01
-9.000067e-01
-1.069365e+00
-6.381068e-01
2.108015e-01
2.931185e-01
-1.057789e-01
-8.711299e-01
6.412270e-01
3.010181e-01
-1.216489e+00
4.602747e-01
3.899132e-01
-1.133050e+00
-2.849263e-01
-1.896170e-01
1.540790e+00
2.062062e-01
5.742303e-01
1.054973e+00
3.979813e-01
-1.137551e+00
-5.437644e-01
3.725518e-01
-4.551984e-01
-8.128339e-01
-6.399430e-01
-9.248332e-01
-5.292153e-01
2.022398e-01
5.097423e-01
1.635191e+00
-1.443026e+00
3.598695e-01
3.771674e-01
2.288930e-01
1.355851e+00
-7.877232e-02
1.165189e-01
-6.553691e-01
8.586112e-01
-3.659778e-01
-2.436793e-01
-3.765048e-01
4.620848e-01
-6.694812e-02
-8.529516e-01
3.508768e-01
3.399636e-01
5.555495e-01
-4.631177e-01
1.184986e-01
3.664728e-01
4.851380e-01
-3.574290e-01
-7.366619e-01
-9.265563e-01
-5.147079e-01
-1.506053e-01
-4.936416e-01
-1.256092e+00
1.218945e-01
1.281680e+00
-3.357209e-01
7.458826e-01
5.865213e-01
2.016555e-01
2.097111e-01
-8.790384e-01
-5.223724e-02
-1.033866e+00
-1.188076e+00
2.843970e-01
1.479597e-01
-9.589839e-02
3.023776e-01
2.090871e-01
-9.953535e-01
-5.000520e-01
-8.522390e-01
5.393205e-01
-5.836028e-01
-1.872190e+00
-1.587277e-01
4.649786e-01
6.794347e-01
2.890900e-01
-7.785797e-02
1.807100e-01
5.242358e-01
6.928269e-01
5.680339e-01
1.285848e+00
2.012741e-01
1.502793e-01
-2.695375e-01
-1.147883e+00
-6.197974e-01
-7.988139e-01
-3.887630e-01
3.078672e-01
2.118732e-01
7.022467e-02
9.096199e-02
2.001864e-01
-1.246728e-02
1.856656e-01
-3.559076e-01
-8.716876e-01
-7.798366e-01
-5.922744e-01
1.060126e-01
-5.853652e-01
3.537798e-01
-6.429979e-01
5.569963e-01
-9.571862e-02
6.876342e-01
1.174568e+00
2.590626e-02
3.854327e-01
1.958002e-01
3.690178e-01
9.968220e-01
-1.590788e+00
1.615595e-01
1.731130e-01
-4.628819e-01
-3.427036e-01
8.720035e-01
-4.426301e-01
1.159319e+00
-6.048291e-01
1.208215e+00
-1.196570e-01
7.795128e-01
6.384164e-03
-1.296785e+00
-4.066455e-01
-2.433474e-01
5.731551e-01
-7.097083e-01
-9.348876e-01
1.211200e+00
3.106724e-01
2.674400e-01
1.938296e-01
-1.941961e-01
3.554827e-01
6.561310e-01
6.188109e-01
-4.725643e-02
-1.866404e-01
-5.767064e-02
-2.440011e-01
1.506969e+00
7.291384e-02
-1.370428e+00
1.506735e-01
1.131386e+00
1.175601e+00
4.489619e-01
-6.231839e-01
1.037671e-01
3.415088e-01
-2.827301e-01
2.537661e-01
2.056057e-01
-9.110221e-02
1.749373e-01
2.458724e-01
-3.106215e-01
5.029271e-01
5.348385e-01
3.909134e-01
-9.334963e-01
1.519478e-01
-1.728550e+00
-3.615997e-01
SIG
96
1.863518e-02
-5.478851e-01
1.993485e-01
-1.329486e+00
3.225580e-01
7.438021e-02
-3.087020e-01
-1.822328e-01
5.107700e-01
-2.286451e+00
-1.749024e-01
-8.006802e-02
3.787159e-01
-1.463311e-02
1.617909e-01
1.612294e+00
4.954281e-01
6.118455e-01
2.521003e-01
-9.815543e-01
-8.735634e-01
1.906637e-01
-1.500979e-01
-2.876868e-01
-3.438417e-01
1.172198e+00
2.747361e-01
2.998765e-02
-6.787715e-01
1.032421e+00
6.418109e-01
-1.361883e-01
-3.034218e-01
-1.255732e+00
-3.060620e-01
9.318432e-01
-9.818084e-02
3.611137e-01
-1.843289e-01
4.940511e-01
1.402745e-02
-7.491834e-01
-6.403836e-01
-1.889054e+00
4.901150e-01
-8.233145e-01
-8.535691e-01
-3.738278e-01
3.077746e-01
4.106131e-02
7.623320e-01
3.611614e-01
-5.341075e-01
-1.008605e+00
3.324685e-01
8.045418e-01
7.673001e-01
-8.475319e-01
-2.924218e-01
-7.657873e-01
1.106839e+00
6.417870e-01
1.292400e+00
1.496163e-01
7.831012e-01
-6.851911e-01
9.712935e-03
-7.294999e-01
-7.316920e-01
1.197747e+00
-7.872764e-01
3.407489e-01
-4.737942e-02
-4.605600e-01
5.457899e-01
8.974648e-01
3.994561e-01
-3.963945e-01
1.121499e+00
-6.261065e-01
-1.160958e+00
-9.619149e-03
-1.049711e+00
-3.430940e-01
4.292590e-01
-5.149847e-01
9.281810e-01
2.989692e-01
-2.926672e-02
-8.062277e-01
-8.141669e-01
-3.361660e-01
7.182324e-01
-4.093106e-01
-4.802364e-01
-9.377256e-01
3.730854e-01
-8.112884e-01
6.446573e-02
4.063566e-01
-7.378509e-01
6.789568e-01
-1.079737e+00
3.294109e-01
2.270442e-01
-1.480509e-01
4.215926e-02
6.166405e-01
1.033259e+00
-6.901860e-01
-2.594610e-01
-1.072337e+00
-2.698655e-01
-2.721450e-01
8.270414e-02
3.476051e-01
-1.885849e-02
-7.831827e-01
-3.597678e-01
7.484400e-01
-9.157567e-01
-2.213107e-01
-1.003136e+00
-1.179735e+00
-6.952855e-01
2.013160e-01
3.955382e-01
2.428342e-01
1.684286e-01
1.064264e+00
9.798689e-01
-7.039123e-01
1.364012e-01
-6.573771e-01
-8.765994e-01
1.695195e-02
4.533424e-01
7.676062e-01
9.357312e-01
7.122331e-01
-2.559843e-01
-3.830809e-01
5.413134e-01
-1.188178e+00
-1.712376e-02
-8.215766e-01
-5.565282e-01
1.225686e+00
-4.682267e-01
-4.251683e-01
1.488393e-01
7.970063e-01
6.427931e-01
1.287549e-01
2.354024e-01
3.412885e-03
-8.713187e-02
-1.031132e+00
2.100028e-02
-3.603951e-01
-2.794724e-01
-1.476455e-01
7.184677e-01
-4.471870e-02
1.403474e-01
4.778903e-02
-6.154578e-01
1.371346e+00
-7.053544e-01
6.392177e-01
2.610544e-01
4.406632e-01
-3.314441e-01
9.803431e-01
2.837847e-01
5.161198e-01
1.360189e+00
-5.845621e-01
-5.694397e-01
2.073954e-01
6.367455e-01
-7.576441e-01
-1.021274e+00
-7.921413e-01
4.976787e-01
-4.568626e-01
3.676245e-01
-8.000084e-01
-2.897327e-01
-1.225169e+00
1.591973e+00
-5.580662e-01
SIG
100
-1.867697e-02
1.070697e+00
-6.067090e-01
1.809367e+00
-1.920537e-01
-3.730839e-01
1.065521e+00
1.020188e-01
1.013478e+00
-9.935157e-01
1.062061e+00
7.781621e-02
4.414215e-01
-6.112211e-01
1.681503e-01
-4.922684e-01
3.170000e-01
-4.144561e-01
-1.473570e-01
5.541373e-02
4.656705e-01
7.041649e-02
1.083598e+00
-1.108140e-01
-4.359723e-01
-4.580044e-02
-2.883141e-01
-4.129790e-01
3.186511e-01
-1.094779e+00
-5.298801e-01
-7.595369e-01
-9.265006e-02
5.976361e-01
1.250919e+00
-5.917094e-01
7.339838e-01
1.644738e+00
2.349336e-01
8.138090e-01
-3.420074e-01
5.746611e-01
-1.284236e+00
2.319179e-01
1.446131e-01
1.649210e-01
3.249640e-01
-2.843904e-01
2.495639e-01
-1.342514e+00
-2.844507e-01
-6.587176e-02
-2.880361e-01
-1.884735e-01
-6.336569e-01
5.400651e-02
1.422678e-01
-6.834391e-01
-9.106334e-01
3.393257e-01
1.143664e+00
9.579733e-01
1.340015e+00
4.755335e-01
1.712754e+00
-3.774989e-01
-7.586885e-01
-8.454447e-01
-1.183572e+00
9.386137e-01
-1.662445e-01
9.842057e-01
-1.524523e+00
-9.553536e-01
1.109942e-01
6.847378e-01
2.833133e-01
-1.896313e+00
4.839228e-01
5.090468e-01
-1.472738e+00
-3.169355e-02
-4.377875e-01
1.314719e+00
8.111265e-01
1.122558e+00
8.090419e-01
7.432487e-01
-3.669149e-02
9.859354e-02
-1.464937e-01
-5.489307e-01
-1.313923e+00
-3.719037e-01
-3.788643e-01
1.215717e+00
-6.119529e-01
9.708813e-01
-5.223784e-01
1.440905e-01
-7.405094e-01
1.041667e+00
-4.396076e-01
4.087866e-01
-7.075287e-01
5.883785e-01
8.094157e-01
-9.738326e-01
-1.234223e+00
-5.488712e-01
9.652163e-01
1.239528e-01
1.252720e+00
-2.290658e-01
4.906872e-01
-7.591004e-01
-2.714800e-01
3.581684e-01
-4.433074e-01
1.358741e-02
-3.930648e-01
-1.416002e+00
-1.202455e-01
1.090522e+00
1.355592e+00
-1.539207e-01
-7.244116e-01
7.152436e-01
-8.815475e-01
-1.201042e+00
-3.890631e-01
2.972139e-01
-4.578687e-01
-8.282043e-02
-5.328253e-01
6.685573e-01
1.222116e+00
4.485909e-01
-6.092031e-01
7.079107e-01
2.606158e-01
6.103126e-01
-9.974480e-01
6.668650e-01
-1.545132e+00
1.984586e-01
1.065276e-01
-1.027950e+00
-6.096333e-01
3.990422e-01
-7.085570e-01
1.018942e+00
6.812803e-01
9.801490e-01
-2.834486e-01
1.114516e+00
-1.421625e+00
-6.464466e-01
-4.432167e-01
3.689317e-01
-3.870852e-02
3.962309e-01
5.261836e-01
4.100374e-01
3.148998e-01
-9.424654e-02
9.621912e-01
-5.314148e-01
7.527936e-01
-7.477557e-01
3.873074e-01
2.206687e-01
6.171480e-02
5.524021e-03
1.542317e+00
-5.380521e-01
-3.337475e-01
-1.984900e-02
-8.016289e-01
-1.343301e+00
3.775720e-01
9.243222e-02
9.222950e-01
-4.368221e-02
-6.037868e-01
-2.316581e-01
-1.322589e+00
7.107017e-01
-6.570138e-01
-3.679077e-01
-4.858997e-01
1.246936e-01
-9.874096e-02
-4.248505e-02
9.072201e-01
-6.046953e-01
-6.921752e-01
-3.830269e-01
1.687117e-01
1.455994e+00
SIG
104
-4.760316e-01
-1.368366e-01
-6.249498e-01
8.994793e-02
-1.806060e-01
-4.538865e-01
7.430394e-01
-3.768733e-01
-9.677733e-01
-1.205406e+00
-9.742096e-01
2.199538e-01
-7.709925e-01
-8.947656e-02
9.832769e-01
6.281188e-01
-7.636523e-01
-3.181249e-01
1.570456e+00
7.475631e-01
-9.971782e-01
1.972260e-01
3.868257e-01
2.845026e-02
-8.428934e-01
-1.003312e+00
5.454572e-01
-1.507176e-01
2.612579e-01
-3.925092e-01
8.712189e-01
-1.005663e+00
-9.781597e-01
-7.895964e-01
7.839440e-01
7.393955e-01
-1.889747e-02
-5.086352e-01
-1.033472e+00
-4.996175e-01
-6.004135e-01
9.871485e-01
7.912264e-01
-1.912487e-01
-6.162340e-01
-2.530375e-01
1.330890e-01
-7.532702e-01
6.788613e-01
-1.028967e+00
-4.829216e-02
-1.179677e+00
3.182713e-01
-1.034316e+00
-1.010247e-01
1.626360e-02
-1.160594e-01
1.989961e-01
8.894651e-01
-3.108637e-01
1.028566e-04
-1.220131e+00
-3.446412e-02
-6.915487e-01
-7.070158e-01
-5.818954e-01
-4.454036e-02
2.878277e-01
-2.393348e-01
5.170067e-01
-1.103474e-01
-1.079819e+00
-5.616171e-01
2.773635e-01
4.338230e-01
1.256552e+00
-1.052802e-01
1.785903e-01
-9.293495e-01
4.041686e-01
-1.656055e-01
6.004735e-01
-1.009325e+00
4.991538e-01
-9.311450e-01
-9.854425e-01
9.045697e-01
-3.609232e-01
1.180914e-01
-6.255322e-02
3.309824e-01
-9.590745e-01
-9.323662e-01
-4.507500e-01
-6.535295e-01
1.306964e+00
7.031316e-01
3.802708e-01
2.861940e-01
7.078017e-01
-3.580588e-01
1.244868e+00
2.532236e-01
8.305554e-01
-2.714831e-01
4.783038e-01
8.160938e-01
-4.508539e-02
-8.551130e-01
-4.548794e-03
1.002930e-01
3.470092e-01
-4.322102e-01
4.071319e-01
-7.893399e-01
-1.514947e-01
2.199557e-01
-1.245571e+00
-5.152020e-01
-8.052332e-01
7.947501e-01
-3.254905e-02
4.422961e-01
3.557515e-01
-2.450240e-02
-7.464337e-01
-7.826323e-01
8.766655e-01
-7.311768e-01
4.895232e-01
-7.062438e-01
-8.242651e-01
-1.183955e-01
2.928415e-01
1.650939e+00
-5.917937e-02
-3.276800e-02
-1.231425e-02
-1.388247e+00
-9.322386e-01
-7.382431e-01
2.245428e-01
-2.116899e-01
7.656165e-02
2.556773e-02
1.014212e+00
6.923033e-01
-5.465663e-01
-1.575825e+00
2.960172e-01
7.776252e-01
3.630200e-01
-9.673834e-01
8.693454e-02
4.221291e-02
6.272923e-01
5.769880e-01
-9.182029e-01
-1.477636e+00
-6.114730e-02
4.723537e-01
-3.637374e-01
5.696158e-01
2.145313e+00
1.884042e-02
-6.255428e-01
-1.320325e+00
-6.427069e-01
-2.356051e-02
5.277188e-02
-4.182424e-01
5.029638e-01
2.235189e-01
1.329140e+00
1.134984e+00
-2.243042e-01
-1.461899e+00
-1.588983e-01
8.326051e-01
-2.997105e-01
-9.571662e-02
2.947995e-01
-3.213989e-01
-8.171049e-01
-1.770072e-01
-5.256713e-01
4.225392e-01
7.334432e-01
-2.429953e-01
-5.773190e-02
-6.138021e-02
-2.124753e+00
-2.943899e-01
5.585984e-01
-2.112767e-02
1.508802e-02
-1.012118e+00
3.494490e-01
1.573925e-01
-9.452481e-01
-2.112204e-02
1.669319e+00
7.375827e-02
-1.862428e+00
1.429943e-01
-3.121763e-01
1.140657e+00
-6.968369e-01
SIG
108
-2.883404e-01
-5.675094e-01
-5.942025e-01
-2.427534e-01
-6.431525e-01
7.434670e-01
-3.572828e-02
-1.063987e-01
-1.240369e+00
4.736488e-01
-5.112136e-01
-8.381940e-02
6.959890e-01
-5.047158e-01
-1.256333e-01
7.066996e-01
1.767869e-01
1.298106e+00
-1.144966e+00
-1.589944e-02
-4.633693e-02
4.276378e-01
-3.747324e-01
-1.358412e+00
9.329410e-01
-1.965194e-01
-1.262328e-01
5.711722e-01
2.420052e-01
1.649702e-01
-2.576019e-01
-5.723358e-01
5.785540e-01
-1.472666e-01
-6.065553e-01
1.178895e+00
-3.189177e-01
-9.149597e-01
8.141694e-01
-1.384501e+00
6.171807e-01
-2.845280e-01
-1.347452e+00
6.657233e-01
5.474741e-01
3.603491e-01
4.704605e-01
-2.078648e-01
-4.268401e-01
2.837348e-02
1.034536e-01
-1.028936e+00
-4.814568e-01
-1.324642e+00
1.071826e+00
-1.185960e+00
4.402114e-03
3.266476e-01
5.178758e-01
-7.582566e-02
6.156213e-01
-3.770306e-01
1.303322e-01
-4.642592e-02
2.745916e-01
-7.682473e-01
1.057303e-01
-7.326452e-01
2.801162e-01
1.216184e+00
-2.283353e-01
4.325206e-01
5.575929e-01
-1.142684e+00
3.057063e-01
1.489569e-01
9.042357e-01
-3.734613e-02
1.942306e-01
-3.594585e-01
-3.059764e-01
2.977181e-01
-4.569757e-01
-7.622718e-01
-6.435309e-02
1.779827e+00
-7.356126e-01
8.686423e-01
-3.997843e-01
-3.373720e-01
8.479833e-01
4.984062e-02
-1.149377e-01
3.136925e-02
-5.604185e-01
6.356267e-01
-4.005113e-01
-6.150134e-01
-3.988918e-01
4.086334e-01
7.323819e-02
-1.240808e+00
-1.229997e-01
1.868889e-02
2.093675e-02
1.576574e+00
5.795095e-01
-1.252112e+00
1.444892e-01
-1.270671e+00
-5.732445e-01
-2.398564e-01
-8.734185e-01
-5.199210e-01
-6.631007e-02
1.845163e-01
-1.448473e+00
2.462600e-01
4.949636e-01
1.260480e-01
-1.230904e-01
8.692963e-01
3.056673e-01
8.945159e-02
-4.137525e-01
-1.369174e+00
4.599057e-01
7.660368e-02
-9.900546e-02
1.374379e+00
-1.918693e+00
2.403872e-01
7.040883e-01
-1.534610e+00
6.514871e-01
-2.863278e-01
1.976872e-01
7.083951e-01
-1.119387e+00
1.012779e-01
-4.299734e-02
-6.717084e-01
5.263132e-01
-3.006370e-01
1.691445e+00
1.382659e+00
1.748156e-02
-1.357576e+00
3.886572e-01
-3.678642e-01
4.303162e-01
5.318877e-01
-6.707959e-01
-2.253848e-01
8.417420e-01
-2.560772e-01
-5.634257e-01
-6.332408e-01
-6.905392e-01
5.379659e-01
6.482726e-01
4.071068e-01
2.982312e-01
-9.003745e-02
1.354348e-01
-1.255712e+00
-1.165283e+00
-1.666814e-01
4.045907e-02
4.250501e-01
-8.120837e-01
-8.607381e-01
-1.715799e-01
1.458044e+00
1.498022e+00
-4.109842e-01
8.997277e-01
-2.579917e-01
8.309877e-01
9.513752e-01
4.281362e-01
2.683211e-01
1.051839e-01
1.491360e+00
-2.852524e-01
7.282014e-02
-9.276599e-01
-1.641734e-01
-8.492005e-02
-2.345412e-02
1.121642e+00
-4.303421e-01
-2.131154e-01
7.373897e-01
-1.056100e+00
1.664100e+00
-1.873481e-01
-9.416377e-02
-8.623273e-01
1.418814e-01
-4.270854e-01
2.892488e-01
-6.332660e-01
-3.252310e-01
-4.701024e-01
-2.990285e-02
1.015455e+00
1.365795e+00
-4.978678e-02
-9.601095e-01
-9.149481e-01
-2.910695e-01
-6.424948e-01
-4.848530e-01
-3.957900e-02
-1.150554e+00
SIG
112
-7.997191e-01
-1.925397e+00
-4.671262e-01
-1.399089e-01
-3.953492e-01
6.488747e-01
1.585131e-01
5.942997e-01
-6.264915e-01
-6.158799e-01
1.044716e+00
-5.156652e-01
-6.752356e-01
2.480602e-01
1.574142e-01
1.018530e+00
-1.296933e+00
-5.682432e-01
-9.690156e-01
1.804896e+00
1.339825e+00
1.070523e+00
-1.128350e-01
2.497775e-01
1.046091e+00
-8.994676e-02
6.039899e-01
-6.944276e-01
-1.218577e-01
3.041413e-01
4.112852e-01
1.221632e-01
3.834597e-01
-1.117215e+00
6.003223e-01
3.412682e-01
-8.783746e-01
1.071292e+00
1.900113e+00
1.198213e+00
8.676544e-01
6.471873e-01
8.859582e-01
-2.000331e-02
4.324124e-01
-7.496363e-01
-4.621600e-02
-2.902414e-01
1.103518e+00
-5.987416e-01
2.371569e-01
2.795308e-01
-1.146480e-01
-1.125228e+00
-2.685404e-01
-8.118265e-01
8.607249e-01
2.573020e-01
-5.384022e-01
-2.506510e-01
1.273589e+00
-9.898209e-01
6.893994e-01
4.490952e-01
1.574232e-01
5.623158e-01
-5.272387e-02
5.174594e-01
-3.389907e-02
-1.000472e+00
2.477491e-01
-4.749970e-01
-7.574430e-01
6.940009e-01
-1.481307e+00
1.125500e+00
-5.199089e-01
-1.063408e+00
4.338503e-01
-7.056298e-02
4.329952e-01
1.798501e-01
-2.531901e-01
-1.101027e+00
-8.314477e-01
2.581048e-01
8.383055e-01
-1.297428e+00
2.271877e-01
-1.052738e-01
4.550291e-01
-6.693059e-01
2.276634e-04
-1.831222e+00
-5.098825e-01
-4.908998e-01
-8.442760e-01
9.771285e-02
1.263938e-02
-1.385099e+00
9.738588e-01
9.814948e-01
5.197523e-01
-8.574011e-01
7.863307e-02
4.860583e-01
-2.519604e-01
-3.521000e-02
1.582128e-01
-7.640942e-01
1.325402e+00
6.436893e-02
1.033907e+00
1.308998e-01
-2.191279e-01
-4.247427e-01
7.426265e-02
-9.272886e-01
-5.340150e-01
-3.945506e-01
-1.073918e+00
9.286361e-01
-2.454232e-02
4.784706e-01
1.055024e+00
-1.053920e+00
-9.589098e-02
6.139270e-01
3.045703e-01
1.853141e-01
1.596474e+00
-2.570720e-01
1.779310e-01
4.090114e-01
-6.778818e-01
-4.561439e-01
-8.292904e-01
3.111639e-01
2.189303e-01
-5.784823e-02
4.745916e-01
7.255623e-01
-1.021151e-01
3.783227e-01
1.097100e+00
1.888951e-01
-1.802662e+00
-1.998561e-01
-1.930806e-02
-4.061499e-01
-9.634508e-02
8.139825e-01
-1.479928e+00
-1.801222e-01
-6.810112e-01
5.072013e-02
-5.044121e-01
-5.116882e-01
1.296385e-01
6.678686e-01
-2.341214e-01
-1.005729e+00
-1.209591e+00
-1.540825e-01
3.554531e-02
-2.306028e-01
-4.525031e-01
6.819512e-01
1.502333e+00
3.704310e-02
7.318475e-01
9.516082e-01
8.006705e-01
-2.465273e-01
1.132287e-01
-5.257032e-01
7.142350e-01
-2.259880e+00
-1.203147e+00
-9.035612e-01
-2.811027e-02
-1.107117e+00
-2.784447e-01
-7.457391e-01
-1.161474e-01
-2.037783e-01
-8.980495e-01
3.450487e-02
4.957405e-01
-6.900333e-01
-1.407476e-01
9.444559e-01
-5.190156e-01
-3.837599e-01
-6.381742e-01
-7.982206e-01
3.387191e-01
-9.659982e-01
-1.920673e+00
1.015913e+00
7.166529e-02
1.291149e+00
4.531513e-01
-1.553155e-01
-7.860034e-02
1.805813e-01
4.784906e-01
4.615531e-01
5.591618e-01
3.131375e-02
-7.202153e-01
-3.581612e-01
-7.853265e-01
-7.528698e-02
9.988807e-01
1.103605e+00
-7.550473e-01
8.094241e-01
4.148471e-01
-1.222492e-01
-2.287211e-01
-2.537847e-01
-1.898025e+00
2.549839e-01
SIG
116
1.051074e+00
-8.796573e-01
3.820630e-01
1.293490e-01
5.648083e-01
1.131697e+00
7.595804e-01
-3.910860e-02
-1.214434e+00
-2.357974e-01
1.734029e+00
-1.669008e+00
1.971695e-01
2.838612e-01
6.785820e-02
7.172583e-01
-1.244796e+00
1.312201e-01
-6.612926e-01
-6.381496e-01
-1.247282e-01
3.646905e-01
7.041128e-02
-3.518822e-01
-4.637421e-01
5.357142e-01
8.947390e-01
3.616956e-02
1.203307e-01
-9.427731e-01
-1.490418e-02
-4.758880e-01
3.938245e-01
6.138102e-01
2.322569e-01
4.156969e-01
8.305369e-01
-9.304452e-01
5.615098e-01
-6.485860e-02
8.724751e-01
8.587935e-01
-3.268380e-01
-5.848265e-01
4.084071e-01
1.281735e-01
2.982693e-01
-7.822854e-01
-4.088018e-02
-1.266235e+00
1.030795e-01
5.953935e-01
-5.592157e-01
4.367691e-01
-2.041933e-01
1.088958e+00
-3.567940e-01
8.100427e-01
-4.884698e-01
1.271185e-01
2.907988e-01
3.496506e-01
8.714533e-01
-1.238217e+00
1.077900e+00
-4.696772e-01
-3.973993e-01
4.433734e-01
4.923757e-01
-2.801444e-01
-2.042548e-01
-1.092341e+00
3.366377e-02
-4.304135e-01
-8.838913e-01
-3.309682e-01
6.152165e-01
-2.636795e-01
5.203817e-01
-9.386806e-01
-4.104670e-01
-1.662134e+00
2.969306e-02
2.073480e-01
1.049362e-01
1.239289e-01
-6.258117e-02
2.834091e-01
1.314318e-01
-1.310560e+00
-4.017790e-01
1.403688e-01
7.813868e-01
2.932347e-01
1.750302e-01
1.505053e+00
-5.056422e-01
-1.197460e+00
-1.250277e+00
2.255301e-01
-4.288750e-01
-8.264939e-01
-6.043149e-01
-7.685513e-02
-7.883478e-01
-4.233998e-01
-2.222341e-01
4.060840e-01
-6.449402e-01
-3.954430e-02
-8.120701e-01
-6.119204e-01
4.600204e-01
4.696999e-01
-4.183356e-01
-1.310642e+00
-7.519863e-01
1.186305e-01
1.342916e-01
-6.657564e-01
-7.723814e-04
1.316227e-01
1.632920e+00
-3.919524e-02
1.617733e+00
-9.615104e-02
-3.122163e-01
-8.866989e-01
7.787807e-01
-2.873290e-01
7.811256e-02
8.222833e-01
1.536844e-01
-2.930986e-01
1.297764e+00
1.228530e+00
7.425457e-01
-5.611736e-02
-7.862201e-01
-6.359620e-01
-1.044546e+00
-6.060152e-01
1.805222e-01
-6.326271e-01
-3.210975e-01
-1.534911e+00
-2.187410e-01
5.145338e-01
-3.905323e-02
6.642290e-02
1.862812e-01
-9.714127e-01
2.281209e-01
-8.624262e-01
2.721144e-01
-5.433219e-01
6.385779e-01
-1.015476e+00
-1.842901e+00
1.226863e-01
-4.774430e-02
2.606526e-01
9.169814e-01
2.303621e-01
-4.575660e-01
-1.218280e-01
9.602482e-01
4.810268e-02
-7.742372e-01
-2.604332e-01
-5.860597e-01
3.902041e-01
2.955486e-01
3.817202e-01
-8.231889e-01
5.936441e-01
-3.718079e-01
1.027277e-01
2.772864e-01
5.119010e-02
-4.206966e-01
-5.651271e-01
-1.125318e+00
4.364660e-01
-1.003005e+00
6.169498e-01
3.978508e-01
3.185000e-01
-8.936700e-02
-8.036257e-01
-4.515823e-01
1.905414e-01
5.663367e-02
-8.837674e-01
-6.343584e-01
1.404942e-01
-6.222411e-02
-7.924501e-01
-9.280298e-01
-3.040490e-01
-8.538037e-01
-1.355849e+00
-1.064809e+00
1.073322e-01
1.920846e-01
2.166940e-02
1.171593e+00
5.957524e-01
5.907671e-01
5.690566e-01
-2.373837e-02
-1.485119e+00
2.221856e-01
-1.248310e+00
3.185007e-01
1.086648e+00
-1.435462e+00
1.538832e-01
5.219076e-01
-2.947197e-01
2.712841e-01
1.567575e-01
-1.555927e+00
9.337517e-01
-1.106049e-01
-1.197389e+00
4.736759e-01
-1.034247e+00
-6.874495e-02
-2.428159e-01
-8.445031e-01
-8.464206e-02
SIG
120
-1.221111e+00
7.364265e-01
1.162223e-01
1.080231e-01
-8.817112e-01
-5.903765e-01
1.980187e-01
-1.536857e-01
1.786916e+00
-3.678943e-01
-8.735643e-01
-1.240399e-01
-6.962718e-01
2.600366e-01
2.339893e-01
-8.958898e-01
4.330445e-01
-2.565733e-01
1.432176e-01
1.330181e-01
-5.684016e-02
-8.904653e-01
-1.282744e+00
-5.554148e-01
-4.297175e-02
7.774628e-01
-5.787384e-01
-3.841541e-02
-7.418142e-01
-9.232243e-02
-1.481824e-01
5.044664e-01
2.372441e-01
4.732363e-01
-4.737463e-01
-1.334933e-01
-1.785845e-01
-8.367296e-01
7.045043e-01
-2.012885e-01
-1.267207e+00
-1.780073e-01
-3.797119e-01
-6.435233e-01
7.170939e-01
-7.055970e-01
-3.637579e-01
-6.021587e-01
-2.334758e-01
-3.570347e-01
-2.305227e-01
1.328534e+00
-4.572708e-01
7.688682e-01
1.194555e-01
9.528384e-01
-2.331657e-01
-8.433952e-01
-5.602953e-01
-3.455828e-01
-4.235011e-01
1.232292e+00
3.683625e-01
-9.925290e-01
-8.028898e-02
6.820220e-01
2.055853e-01
-5.594059e-01
8.424946e-01
1.916867e+00
-1.717709e-01
8.725667e-02
6.921612e-01
1.014050e-01
-7.504449e-01
2.904805e-01
-1.625772e-01
-1.212930e+00
1.215474e+00
-3.279592e-01
-6.034097e-01
-7.949790e-01
6.545909e-01
1.038257e+00
-3.398565e-01
3.394759e-01
1.620316e+00
4.518188e-01
-2.609619e-01
-2.644345e-01
7.203701e-01
-3.575763e-01
9.009056e-01
1.099144e-01
1.327419e+00
5.849689e-01
-5.786509e-02
3.321563e-01
1.263329e-01
1.117160e-01
-1.342584e+00
-4.164249e-01
-2.335170e-02
8.006810e-01
1.900322e-02
3.298057e-01
-1.618422e-01
-7.404589e-02
4.985645e-01
4.262261e-01
-1.011102e+00
8.097743e-01
4.127554e-01
-1.868965e+00
4.958813e-01
2.302629e-01
5.848969e-01
9.297490e-01
-1.118267e+00
-1.051059e+00
8.851501e-01
5.038830e-01
-7.948044e-01
-1.130665e+00
6.224478e-01
3.154607e-01
4.009203e-01
-4.457186e-01
9.178013e-01
-2.966550e-01
-1.793274e-01
-2.356635e-01
2.589420e-01
-1.110918e+00
-6.416057e-01
1.043275e+00
3.168452e-01
-7.078509e-02
-2.516045e-01
-1.292148e+00
2.548609e-01
2.217101e-01
1.708559e-01
-2.885377e-01
-3.779229e-02
-4.982883e-01
5.453036e-01
-1.709933e-01
1.485318e-01
-7.124817e-01
-5.818920e-01
-3.723706e-02
1.163482e-01
-6.819599e-01
4.372751e-01
-2.002431e-01
7.346778e-01
-8.897143e-01
5.865171e-02
-5.470322e-01
5.013022e-01
-4.304003e-01
-1.080259e+00
-2.143737e-01
-6.316700e-01
4.990202e-01
7.175510e-01
-2.252910e-01
1.024296e-01
4.261185e-01
-6.437811e-01
-8.468167e-01
-6.560516e-01
-2.007154e-01
1.023002e+00
4.511755e-01
1.208990e+00
6.363819e-01
8.329771e-02
7.741263e-01
4.863027e-02
-7.024355e-02
7.266235e-01
-5.146618e-01
-4.126687e-01
2.877964e-01
1.274925e+00
3.155804e-01
-2.143259e-01
-1.150286e+00
-2.532391e-01
-3.806198e-01
9.396688e-01
-8.396326e-02
9.114999e-02
2.678456e-01
-1.198698e-01
1.178498e+00
1.903819e-01
-3.445887e-01
-1.265550e+00
1.564602e+00
-4.491180e-01
3.327913e-01
5.437649e-01
-9.064769e-01
2.063118e-01
1.921852e-01
-6.871535e-01
-1.104888e-01
-1.665691e-01
-1.060171e+00
7.464823e-02
1.192001e+00
5.210004e-01
1.209543e-01
4.050346e-01
-3.949022e-01
2.811024e-01
-2.082021e-02
5.030812e-01
-2.405512e-01
1.256922e-01
-9.780420e-01
-1.186923e+00
-9.982199e-01
-6.186539e-01
-1.126269e+00
4.032878e-01
-6.182519e-01
5.452663e-02
-6.011620e-01
4.763490e-01
-3.017229e-01
6.087151e-01
6.864557e-01
1.781591e-01
-5.781863e-01
-1.257408e-01
-7.221919e-01
SIG
124
6.246898e-01
2.936587e-01
-1.239022e+00
-1.650839e-01
2.823036e-03
1.025797e+00
-6.357701e-01
-9.077769e-03
5.386958e-01
-5.094703e-01
4.155906e-01
-2.632117e-02
6.128216e-01
-1.297051e+00
-1.231982e+00
7.921429e-01
3.434057e-01
-8.336716e-01
-1.598958e-02
-1.299538e+00
-3.179125e-01
1.500832e-02
1.540745e+00
5.101763e-01
3.833937e-01
-6.179033e-01
-2.950709e-01
-6.341520e-01
1.292809e-01
3.394733e-01
9.383995e-01
3.690226e-01
-4.346603e-01
1.259911e+00
4.399339e-01
-3.349105e-01
1.402763e-01
-9.755570e-01
-7.993964e-01
5.095122e-02
-1.692930e+00
-4.392652e-01
1.381343e+00
-6.329955e-01
1.272425e-01
6.343065e-01
-7.574953e-01
-8.929680e-01
4.259454e-01
-5.060628e-01
-9.171083e-01
-8.413324e-01
-1.015073e-01
2.926745e-01
6.751735e-01
-2.887871e-02
-1.009920e+00
4.542440e-01
-1.446186e+00
-5.703569e-01
3.311225e-01
7.345587e-01
-2.242696e-01
2.266409e-01
4.572583e-01
1.812600e-02
-4.707717e-01
-9.785490e-01
5.169925e-01
9.996973e-01
1.055266e+00
1.465163e+00
-3.959850e-01
-3.401480e-01
-2.436119e-01
-1.116258e+00
8.450337e-01
5.359659e-01
1.366706e-01
1.461129e-01
-7.765884e-02
1.397022e+00
-1.500377e+00
-2.291646e-01
-1.046935e+00
-2.874272e-01
4.146137e-01
3.361058e-01
4.793302e-01
2.066026e-01
5.271878e-01
4.882082e-01
6.807552e-01
1.825760e-01
4.230056e-01
1.671012e+00
4.086700e-01
4.039209e-01
-1.344600e-01
1.456954e-01
5.758861e-01
-1.084067e+00
6.928757e-01
-6.157236e-01
-1.385185e+00
-3.334778e-01
4.434100e-01
4.610424e-01
1.146029e-01
9.351379e-01
4.256976e-01
2.591376e-02
-5.470683e-01
1.135697e+00
9.216308e-01
7.147939e-02
5.885686e-01
7.720949e-01
-1.043271e+00
-1.705549e+00
-1.439677e+00
2.951780e-01
-4.257055e-01
4.326806e-01
5.144390e-01
-7.035736e-01
-6.976605e-01
9.029281e-01
1.453659e-01
5.895713e-01
3.103241e-01
-1.569606e-01
1.135983e+00
-1.156978e+00
-1.183549e+00
5.980049e-01
1.532100e-02
-3.036256e-02
9.310497e-01
7.197687e-01
-8.492278e-01
8.318937e-01
-8.951815e-01
8.312134e-02
-3.842305e-01
9.868364e-01
2.924355e-01
7.755478e-01
-7.141946e-02
-3.130222e-01
7.736853e-01
6.937695e-01
2.757147e-01
-7.969816e-01
4.139293e-01
3.514938e-01
-4.027680e-01
3.299202e-01
-3.033392e-01
1.044444e-02
5.817568e-02
-4.990427e-01
-1.194631e-01
-5.094969e-02
-5.743875e-01
-1.024175e+00
-6.844955e-01
-1.648180e+00
-2.940033e-01
-5.982408e-01
4.200850e-02
1.648459e+00
-3.684364e-01
-5.366398e-02
2.165981e-01
3.534222e-01
7.882156e-02
1.942664e-01
-7.316668e-01
3.328520e-01
-8.477596e-02
-4.450958e-01
-4.655054e-01
2.441726e-01
7.030445e-01
6.174693e-01
1.345885e-01
1.248250e+00
7.469501e-01
3.523362e-01
-5.813465e-01
-1.943087e-01
-2.612901e-01
1.148748e-01
-3.044422e-01
-7.085509e-01
-6.185479e-01
7.311846e-01
2.289213e-01
-8.353376e-01
2.941132e-01
1.432928e-01
-8.458503e-02
-2.384254e-01
-2.540267e-01
4.336908e-01
-6.451718e-01
1.594246e+00
2.629737e-01
-5.117530e-01
7.141125e-01
6.133553e-01
-3.532891e-01
-2.647342e-01
-4.086518e-01
-6.992092e-02
-2.100788e-01
-5.715337e-01
-4.431802e-01
2.989640e-01
2.886915e-01
4.452933e-02
-1.043746e+00
-2.499865e-01
-6.434506e-01
1.002327e-01
2.951071e-01
-7.061277e-01
-3.359955e-01
2.596567e+00
-1.830534e+00
-4.974945e-01
2.015547e-01
-2.103757e-01
6.634050e-01
7.112333e-01
-1.559299e+00
4.274130e-01
-1.094563e-01
-2.592790e-01
-6.067290e-01
4.654442e-02
-6.877727e-01
-3.403027e-01
-3.266195e-01
-1.245387e+00
1.212590e+00
5.286024e-01
SIG
128
-7.401638e-01
-5.745282e-01
5.307820e-01
-9.175940e-01
5.056363e-02
9.915821e-01
-8.187394e-01
9.577256e-01
-1.880829e-01
-3.728601e-01
-3.306376e-01
6.067248e-02
1.271042e+00
5.617108e-01
2.379158e-01
2.351175e-01
2.088833e-02
5.169488e-01
-1.068814e+00
1.559918e+00
-1.662383e-01
1.106980e+00
4.681217e-01
3.120194e-01
4.489053e-01
4.965163e-01
-5.291535e-01
6.054552e-02
-8.197590e-01
3.553349e-01
-1.559283e-01
1.047312e+00
5.223771e-01
2.968905e-01
5.861759e-01
-1.452166e-01
-4.957744e-01
-3.141559e-01
-1.812853e-01
-7.663603e-01
5.705096e-02
-5.696814e-01
-3.541918e-01
-9.798889e-01
-2.160098e-01
7.068003e-01
-1.304899e+00
4.715186e-01
1.737233e+00
6.649546e-01
1.012960e+00
-1.786693e-01
1.375510e+00
-3.946924e-01
-1.475610e+00
-1.702778e-01
7.858301e-01
8.415792e-01
3.037976e-02
4.755377e-01
4.926170e-01
-3.276238e-01
1.427110e+00
9.516112e-01
8.627435e-01
-3.207326e-01
-2.348266e-02
2.636539e-01
1.133168e+00
-2.786860e-01
-2.048418e-01
1.168014e+00
-1.047897e-01
1.334273e+00
1.282375e+00
-1.039498e+00
-5.761477e-02
5.042705e-01
1.370231e+00
-9.236104e-01
2.366631e-02
-4.424133e-01
-1.186535e+00
-4.894297e-01
-4.749190e-01
-3.713792e-01
-6.241230e-01
7.864939e-02
4.566124e-01
-3.446773e-01
5.248871e-01
-9.956013e-01
-7.689170e-02
2.064298e-01
-1.648921e-01
-1.997287e-01
-9.137999e-01
7.839825e-01
1.806577e-01
9.067321e-02
-1.406289e-01
3.263954e-01
1.048983e+00
-1.256801e+00
-4.606958e-01
1.263621e+00
9.487513e-01
9.894419e-01
1.141936e+00
2.259944e-01
6.993697e-02
-3.835877e-01
-1.210298e+00
-1.791757e-01
6.036434e-01
-1.500337e+00
1.016896e+00
-2.604014e-01
-6.590123e-01
-8.141999e-01
1.565128e-01
-8.353627e-01
-2.062649e-01
1.031455e+00
2.473984e-01
-1.277351e+00
5.387359e-01
-1.634059e-01
2.402014e-01
-1.625188e+00
3.306446e-01
5.029567e-01
-6.830318e-01
-4.432609e-01
-1.471799e+00
-1.251220e+00
1.376984e-01
-8.578068e-01
7.216055e-01
-9.932079e-01
-4.330228e-01
4.995949e-01
-1.007862e-01
-1.185681e-01
4.802609e-01
3.406465e-01
-2.865697e-01
-5.773220e-01
-3.646290e-01
-1.038377e-01
3.169931e-01
3.278629e-01
1.236966e+00
9.888841e-02
-1.107275e+00
-4.618766e-02
-7.180125e-01
-3.286584e-01
9.611957e-02
-8.460688e-01
-1.219318e-01
2.452807e-01
7.096999e-02
6.596599e-01
1.978110e+00
-3.679940e-01
-2.679809e-01
-1.487194e-01
2.974335e-01
6.300123e-01
2.734452e-01
5.517567e-01
-9.258203e-02
-2.333386e-01
-5.661135e-01
3.995652e-01
1.541667e+00
2.694117e-01
-9.121665e-01
-1.428898e-01
-6.152568e-01
6.230668e-01
-1.135328e+00
1.195946e+00
8.484006e-04
-1.062715e+00
-5.752534e-01
4.766171e-01
2.965090e-02
7.434684e-02
-1.665502e-01
-1.752542e-01
-3.959269e-02
-1.766554e-01
-2.503588e-01
-5.779765e-01
2.606413e-01
3.773379e-01
4.950062e-01
8.000581e-01
-1.268327e+00
1.740806e-02
-1.388347e+00
9.564194e-01
5.747366e-01
-4.959233e-01
-3.719965e-01
1.749373e-01
9.468894e-01
-1.999706e-01
-3.090624e-01
-5.650455e-01
-1.821908e+00
5.313412e-01
-3.760488e-01
-1.213618e-02
4.994449e-01
-1.993700e-01
-8.735336e-01
-1.348796e+00
-3.853739e-02
-6.341536e-01
4.035085e-01
-3.500377e-01
8.588386e-01
3.320270e-01
-8.036076e-01
5.335051e-01
4.892962e-01
2.065234e-01
8.328109e-01
2.354830e-01
8.710517e-01
9.983451e-01
-3.761509e-01
8.752196e-01
4.410792e-01
7.249529e-02
-6.234173e-01
4.586963e-02
-4.892338e-01
-4.925289e-01
2.214741e-02
-7.551745e-01
-5.619776e-02
-5.277221e-01
-3.935232e-01
-1.114263e+00
-1.331983e+00
1.441854e+00
8.743840e-01
-7.444965e-01
-5.515199e-01
-3.729617e-01
5.068915e-01
-2.205444e-01
END