SIG
8
1.729500e+00
1.733330e-01
-2.413846e-01
-1.509388e+00
9.417313e-01
3.537511e-01
-1.753367e-01
1.203193e+00
1.219427e+00
-7.003149e-01
-2.091821e-01
-9.261329e-01
6.694696e-01
-1.936320e-01
2.474905e-01
-3.189040e-01
NOISE
324
8.775925e-01
9.531604e-01
4.383438e-03
6.014281e-01
7.855776e-01
6.385066e-01
1.170148e-01
7.105128e-01
9.774974e-02
5.847656e-01
8.475648e-01
2.307254e-01
1.959879e-01
3.782816e-02
8.275467e-01
2.826167e-02
3.672386e-01
1.748115e-01
5.040730e-01
4.959862e-01
8.648814e-01
5.711396e-01
1.710156e-01
9.083530e-01
6.252618e-01
-1.028596e-01
-5.857147e-01
-1.214280e+00
-8.703292e-01
-1.887293e-01
9.455656e-02
1.591965e-01
1.045421e+00
1.287545e-01
1.909019e-01
7.500272e-02
-6.853608e-02
-1.422157e+00
-8.177375e-02
-8.193869e-01
8.435492e-01
-3.893546e-01
-1.735362e-01
-1.220426e+00
1.415489e+00
1.581045e-01
2.215094e-01
-7.325536e-01
-5.395518e-01
6.604083e-01
-1.322816e+00
-2.740571e-01
3.646315e-01
-5.956623e-01
-3.936216e-01
1.600761e-01
6.404320e-01
-2.379184e+00
2.243072e+00
-8.212930e-01
1.062206e+00
5.964208e-01
-1.512693e-02
-3.520585e-01
7.575232e-01
-7.325924e-01
-4.199979e-01
1.548299e+00
-8.894143e-02
2.826257e-01
-2.034845e-01
-1.066339e+00
1.845045e+00
1.065303e+00
1.315351e+00
2.188013e-01
-7.859960e-01
1.384349e-01
1.183448e+00
-1.200551e+00
3.069347e-01
4.606878e-01
5.433283e-02
8.126010e-01
-1.836176e+00
9.444354e-01
-3.660082e-01
1.006248e+00
1.076717e+00
6.168870e-01
-6.629380e-01
6.291930e-01
-2.184548e+00
1.921708e+00
1.264959e+00
1.183752e+00
5.606238e-01
-1.116299e+00
-1.659955e-01
5.539430e-01
-8.482808e-01
-6.978310e-01
-1.094733e+00
9.531830e-01
3.451221e-01
2.945067e-01
2.011829e+00
1.452768e+00
1.087734e+00
1.023857e+00
-6.763503e-01
1.331457e+00
7.513016e-01
-1.614303e+00
-3.837810e-01
-1.822062e+00
2.134644e+00
1.225213e+00
9.835298e-01
7.401055e-01
3.743939e-01
-7.807687e-01
-5.736228e-01
7.707222e-02
7.747349e-01
4.233320e-01
-7.617781e-01
1.719820e+00
-1.609754e+00
-3.230101e-01
1.447980e+00
-2.043538e+00
-1.030315e+00
-1.294711e+00
-1.176074e-01
5.872120e-01
7.819038e-02
6.968134e-01
-3.689418e-01
-1.698715e-01
7.469103e-01
9.725312e-01
1.382689e+00
3.718580e-01
2.935964e-01
-4.425295e-01
-7.785909e-01
2.132254e-01
1.227058e+00
9.355241e-01
-1.675325e-01
-7.780890e-01
-4.524571e-01
4.730172e-01
1.158751e+00
2.631291e-01
-7.483705e-01
-4.752996e-02
-2.398736e+00
-1.558358e+00
1.406450e-01
-1.341598e+00
1.362110e+00
1.416068e+00
-1.009053e+00
1.111456e+00
1.464832e+00
-3.557068e-01
8.553899e-01
-4.640403e-01
-5.123825e-01
-5.005959e-01
-2.208861e+00
-3.280569e-01
1.257299e+00
-4.135801e-01
-1.609337e+00
1.142026e+00
8.442487e-01
-2.290392e-01
-7.266158e-01
7.448371e-01
2.237298e-01
-3.050000e-01
1.214366e+00
-2.613238e-01
-1.196059e+00
5.439783e-01
1.676629e+00
3.156320e-02
-2.292639e-03
-1.089881e+00
7.010493e-01
1.460890e-01
5.576542e-01
-5.818914e-01
-1.217354e+00
1.393387e-01
5.450556e-01
-9.593101e-01
-4.941342e-01
-2.282092e+00
-1.849033e+00
-9.329817e-01
2.641523e-01
7.456415e-01
-1.776328e-01
-1.714586e-01
8.579861e-02
-7.967575e-01
-5.996314e-01
1.482620e-01
8.602956e-01
3.785252e-01
6.727401e-01
-1.532361e+00
2.244651e+00
7.211086e-01
-4.731635e-01
2.477492e-01
6.624398e-01
-1.166721e+00
-3.580143e-01
2.418265e-01
4.361804e-01
3.134321e-01
1.389838e+00
-3.248598e-01
-1.641049e+00
-3.371782e-01
-6.373289e-01
-1.921225e-01
-9.223005e-01
1.494106e+00
1.951612e-01
2.383855e-01
9.868715e-01
3.912702e-02
5.728538e-01
9.794830e-01
-5.881694e-02
-3.664288e-01
-1.873632e+00
-1.526518e-01
-5.707896e-01
1.768143e-01
4.144698e-01
4.985565e-01
-1.102902e+00
-1.699328e+00
1.116981e-02
8.536024e-01
-6.671611e-01
7.759374e-01
-7.430054e-02
-1.179339e+00
-6.907723e-01
1.022417e+00
1.799236e-01
-1.015378e+00
-3.213167e-01
-3.972492e-01
3.442278e-01
-2.046786e-01
-7.239416e-01
-3.662404e-01
-9.006607e-01
-6.083706e-01
-1.492409e+00
-1.459586e+00
4.958852e-01
9.013221e-01
-8.375850e-01
1.150623e+00
-4.457004e-01
-5.102981e-01
2.515103e-01
2.316220e+00
-1.621820e-01
2.825712e-01
3.389047e-01
8.796209e-01
-9.842995e-01
-8.844768e-01
-1.167431e+00
7.001858e-01
-1.648961e-01
1.332546e-01
3.348482e-01
-4.161180e-01
4.821302e-02
7.081380e-01
-3.306036e-01
1.063040e+00
-5.991160e-01
1.079356e+00
1.737182e+00
5.879278e-01
-2.450533e-01
-6.447964e-01
6.464922e-01
1.912670e-02
-6.488296e-01
-2.801836e-01
-1.179935e+00
-7.659552e-01
-3.851613e-01
1.248195e+00
2.149488e-01
-1.024669e+00
1.114148e+00
8.439934e-01
9.902741e-01
-1.116699e+00
-6.801865e-01
-5.916875e-01
-1.230416e+00
1.748902e-01
5.954258e-01
1.054893e+00
1.082052e+00
1.229307e+00
9.080363e-01
2.536211e-01
6.636377e-01
5.026890e-01
8.220850e-01
2.876968e-01
8.809651e-01
5.314381e-01
9.259364e-02
4.835443e-01
3.217972e-01
5.430806e-01
9.567039e-01
3.675242e-01
2.646068e-02
7.395105e-01
3.248850e-01
6.652865e-01
4.978463e-01
8.576852e-01
7.486320e-01
3.979158e-01
5.141144e-01
5.837563e-01
5.082438e-01
7.338708e-01
-5.165812e-01
3.765306e-02
7.522711e-01
-2.435036e-02
1.337280e-01
-1.202770e+00
-6.022662e-01
8.183328e-01
3.588299e-02
3.344496e-01
1.509795e+00
1.750642e+00
-3.147002e-01
6.237339e-01
5.463253e-01
1.607522e+00
3.876417e-01
4.153051e-01
1.260990e+00
-5.402908e-02
2.090893e+00
4.556085e-01
-1.264729e+00
6.485361e-02
1.474934e-02
8.611082e-01
-4.632803e-01
1.347322e+00
-1.005125e+00
-7.316289e-01
9.372885e-01
-5.046851e-01
6.390429e-01
-2.275466e-01
3.920617e-01
-3.299090e-01
-3.575411e-01
-1.237003e-01
-3.005898e-01
-9.917514e-02
1.001540e+00
-1.014755e-01
-8.607550e-01
1.645052e-01
2.025004e+00
-1.444650e-02
-2.518709e-01
2.532116e-01
-2.448094e+00
8.312992e-01
3.923978e-01
9.010467e-01
-3.032724e+00
-4.851931e-01
-1.750141e+00
-3.026777e-02
8.277673e-01
9.049856e-01
-2.400222e-02
-2.982888e-01
1.948020e+00
2.689478e-01
2.528430e-01
1.128721e+00
-9.545739e-01
-5.089272e-01
-1.833817e+00
1.268713e+00
-1.162363e+00
-4.687650e-01
-6.068577e-01
-5.794505e-01
-1.084435e+00
8.695860e-01
1.676714e-01
1.938911e+00
-1.422878e+00
1.325252e+00
1.039124e-01
2.279664e+00
-6.202971e-01
2.016111e-01
-1.563943e+00
1.429208e+00
3.335629e-01
-1.837673e+00
1.103693e+00
-9.672553e-01
-5.637457e-01
1.659099e+00
8.352761e-01
1.378234e-01
1.410766e-01
-6.499690e-01
-3.348880e-01
-1.067000e-01
6.097209e-01
1.433124e-01
9.271562e-01
2.820178e-01
8.146221e-01
7.486428e-01
2.062417e+00
2.486362e+00
2.466798e-01
-7.585616e-01
3.390658e-01
7.094400e-01
1.535247e+00
3.212912e-01
-2.034632e-01
-9.408217e-01
1.979975e+00
-5.447493e-01
9.926578e-01
1.522688e+00
-2.967858e-01
-1.498644e+00
-3.235815e-01
-5.564533e-01
1.785339e+00
2.508512e-01
-1.615125e-01
9.701906e-02
1.290668e+00
-6.198803e-02
1.448541e+00
3.901125e-01
1.014224e+00
-1.212766e-01
9.788946e-01
-2.140957e+00
-1.164879e+00
-7.152392e-01
-3.644122e-01
-3.105482e-01
1.692453e+00
-1.562950e-01
-1.967119e-01
-3.372389e-03
-5.452400e-01
-4.442390e-01
-6.129466e-01
1.550948e-01
1.149265e+00
1.431620e+00
1.119919e+00
-1.458236e-01
1.649455e-01
5.953234e-01
2.974068e-01
1.495856e+00
-5.632252e-01
-7.567503e-01
-8.830467e-01
-6.351764e-01
-4.686452e-01
-1.732706e+00
-1.427595e+00
-9.208906e-02
-1.109904e+00
1.112685e+00
-1.818072e+00
-4.632674e-01
-1.022581e+00
3.681946e-01
-1.582742e-01
-5.540536e-01
1.095480e+00
3.638977e-01
2.013593e+00
-8.789199e-02
-9.085541e-01
4.874430e-01
4.443565e-01
6.116041e-01
-3.112701e-01
-1.056979e+00
-3.513806e-01
-4.530603e-01
-1.390162e+00
9.173230e-01
-1.973485e-01
6.009007e-01
-7.529198e-01
-4.892600e-01
-4.419730e-01
-6.079263e-01
-3.001870e-01
-4.125788e-01
-1.281880e+00
-7.350167e-01
1.672375e+00
-1.877780e-01
-2.496761e-01
1.500175e+00
1.434111e+00
-2.211587e+00
-1.245319e+00
-1.369973e+00
-4.956940e-01
-1.661783e-01
-1.103755e+00
-1.454156e+00
1.314656e+00
7.172783e-02
3.065946e-01
1.456073e-01
-3.391336e-01
7.502056e-01
-8.660532e-01
-2.126036e+00
-2.806810e-01
2.130085e+00
1.138544e+00
-3.495398e-01
4.466375e-02
-2.315497e-01
5.987383e-02
-1.615218e+00
-1.338211e+00
-1.052644e+00
-1.571626e-01
7.285655e-01
-1.681279e-01
-8.779621e-01
-5.788056e-01
-1.224872e+00
1.534161e+00
-1.909196e+00
9.740200e-02
1.914279e+00
7.705613e-01
5.243328e-01
5.666187e-01
-1.023050e+00
-2.287882e+00
2.437020e+00
2.851923e-01
-1.043376e-01
1.374693e+00
3.180191e-01
-8.848814e-01
-6.616203e-01
-6.100548e-02
8.190396e-02
6.972449e-01
1.749989e+00
-8.460094e-01
1.423435e+00
-6.794758e-01
-1.454711e+00
6.569468e-01
-3.659072e-01
3.707888e-01
2.266102e+00
2.024315e+00
1.481318e+00
1.538717e+00
1.325687e+00
2.747684e+00
2.389653e-01
6.748564e-02
1.277463e-01
-1.061108e+00
4.551571e-01
-3.934030e-01
9.056951e-01
-9.937985e-01
-2.558142e-01
1.761724e+00
-9.079188e-01
-1.681534e+00
1.050579e+00
-1.611613e+00
-5.566449e-01
-4.269217e-02
9.636759e-01
-8.144525e-01
-1.340123e+00
-2.380382e-01
-8.591255e-01
1.279012e+00
2.384012e-01
-7.632691e-01
-6.741432e-01
9.519082e-01
-3.753710e-01
4.127846e-02
1.074212e+00
-5.941199e-01
1.163069e+00
3.064828e-01
6.873573e-01
1.016420e+00
-3.831825e-01
1.083627e-01
1.355507e+00
-3.402193e-01
6.677914e-02
SIG
12
7.113236e-02
-8.079936e-01
5.973541e-01
3.254716e-01
5.559440e-02
-5.967374e-01
-9.406491e-01
7.177558e-01
5.470234e-01
1.512053e+00
7.781758e-01
-1.021261e-01
-1.112034e+00
-3.070848e-01
1.410389e+00
3.094148e-01
3.099966e-01
1.187294e+00
-6.160647e-01
-3.398623e-01
-8.181469e-01
8.519772e-01
1.280413e+00
7.892709e-01
NOISE
480
7.265875e-01
2.917099e-02
5.527048e-01
6.387154e-01
3.781507e-01
2.550885e-01
5.582865e-01
7.547243e-01
9.642867e-02
4.171466e-01
4.968414e-01
8.584556e-01
5.952659e-01
6.395095e-01
5.839013e-02
4.850909e-01
1.289341e-01
6.727379e-01
7.670175e-01
1.230549e-01
7.181373e-01
6.833787e-01
3.366400e-02
9.299695e-01
5.313127e-01
2.033650e-01
5.702122e-01
6.893045e-01
2.645197e-01
4.341310e-01
7.813903e-01
9.233499e-01
3.940399e-01
3.900186e-01
6.660839e-01
9.546503e-01
-1.410099e+00
1.845509e-01
-9.437661e-01
-7.366738e-01
-6.547829e-01
-6.384046e-01
-1.365067e-01
-1.080757e+00
1.512010e-01
3.145585e-01
-1.343928e+00
1.175645e+00
1.505585e+00
6.836366e-03
8.819280e-01
-4.141545e-01
-6.559841e-02
4.013034e-01
2.127544e-01
-1.199357e+00
-2.371698e+00
1.004019e+00
-4.901211e-01
1.998349e-01
1.233529e+00
1.230573e+00
-2.353677e+00
2.390921e+00
-5.562817e-01
1.306825e+00
1.569772e+00
-1.308110e+00
-5.646695e-01
1.930024e+00
-1.838084e+00
-1.657282e+00
-9.237831e-02
5.671185e-01
-2.529127e-01
-2.160406e-01
-4.375784e-01
-2.755123e-01
-5.633749e-01
8.599057e-01
-4.846047e-01
-7.233245e-02
8.957882e-01
7.327014e-01
6.583159e-01
-1.961948e+00
7.461490e-01
-2.367188e-02
-1.040160e+00
4.161521e-01
3.059874e-01
9.102498e-01
-1.525433e-01
-1.124629e+00
-1.049643e+00
1.051364e+00
5.062679e-01
-5.237766e-01
-2.638776e+00
-2.276010e-01
1.379581e+00
5.293895e-01
3.131499e-01
1.239921e+00
-7.317389e-01
1.009198e+00
6.709838e-01
-5.320761e-01
1.858112e+00
-7.097385e-01
1.041152e+00
-2.292956e-01
1.686136e+00
7.238065e-01
-7.031493e-01
-1.385859e+00
-8.393640e-01
1.110307e+00
1.141898e+00
1.856162e+00
6.518612e-01
-8.730930e-01
1.075945e+00
-8.163287e-01
-1.424673e-02
3.428385e-01
9.529640e-01
1.986286e-01
2.041192e-01
-9.985491e-01
-4.172729e-01
2.404791e+00
8.433131e-01
1.542739e-01
4.722052e-01
-1.289186e+00
1.387012e+00
4.696550e-01
4.476516e-01
-3.005741e-01
-7.946237e-02
-2.861850e-01
-1.706262e-01
2.741560e-01
-1.047529e+00
6.403374e-01
-5.439599e-01
-1.892671e-01
4.972251e-01
-3.331763e+00
-9.855107e-01
2.227083e-01
-1.338493e+00
-7.461827e-01
-1.680043e+00
-2.340179e-01
-1.204533e+00
1.283404e+00
1.124397e+00
1.761288e-01
-2.840638e-01
5.428852e-01
1.394660e+00
7.296727e-01
1.257542e+00
-1.879828e-01
1.473924e+00
-3.592000e-01
-1.399552e+00
-9.312370e-01
2.021194e+00
3.875925e-01
-9.453052e-01
-3.582371e-02
1.347303e+00
-6.766044e-01
-1.315881e+00
5.890582e-02
-5.630151e-01
-3.074419e-01
3.225597e-01
-6.326770e-01
1.761404e-01
9.460641e-01
-5.169282e-01
-5.667919e-01
1.072684e+00
1.695457e+00
-5.533468e-01
3.591857e-01
-1.912109e-01
-1.007261e+00
4.742772e-03
4.286339e-01
1.252928e+00
-8.247619e-02
4.209509e-01
1.047174e+00
-9.602886e-01
6.286623e-01
-4.413042e-02
-4.672917e-01
-4.385148e-02
-3.715244e-01
1.422629e-01
9.306804e-01
-8.850550e-01
-4.705745e-01
-1.457805e+00
6.244825e-01
-4.917184e-02
-1.685553e+00
-5.369405e-01
1.062586e+00
1.297632e+00
1.485651e-01
1.074759e-01
-2.252115e-01
7.787032e-01
-1.122585e+00
-4.967831e-01
1.519629e+00
1.239316e+00
1.633408e+00
1.189484e-01
1.569217e-01
4.643838e-01
-1.151466e+00
-7.575074e-01
-5.577423e-01
-8.941405e-01
-1.633125e+00
-1.150584e+00
-7.394632e-01
-2.348282e+00
1.549012e+00
6.695604e-01
3.384882e+00
1.031826e+00
-2.654576e-01
-3.598860e-01
7.301862e-01
-1.893242e+00
1.102190e+00
4.351561e-01
-2.040491e+00
-2.059718e-01
-1.905276e+00
3.876729e-01
-1.702424e+00
9.595868e-01
-7.198116e-02
-2.607997e-01
1.876242e+00
1.263120e+00
-7.493003e-01
-6.147745e-01
-2.979468e-02
1.127186e+00
-1.578802e-01
6.391909e-01
2.743689e-03
3.501062e-01
-4.484865e-01
-9.741787e-02
3.388672e-01
1.522613e+00
-1.390642e+00
3.437927e-01
-8.490526e-01
1.750566e+00
-5.220824e-01
-2.222755e+00
-5.690204e-01
-4.882405e-01
-6.953239e-01
-8.053737e-01
-9.775983e-01
-3.462929e-01
7.202764e-02
-1.182095e+00
3.898963e-01
6.058791e-01
9.336700e-01
-2.933202e-01
2.925039e-01
-1.006812e+00
1.807215e+00
-1.162562e+00
-3.863695e-01
5.912734e-01
-6.475709e-01
-7.904528e-01
-2.201388e+00
-7.037241e-01
-1.437684e-01
2.915631e-01
-8.224450e-02
5.616199e-01
-2.444568e-01
-9.243590e-01
5.066315e-01
6.421855e-01
-8.220274e-01
-2.061710e-01
-2.819329e-02
-1.545890e+00
-5.258835e-01
4.223670e-01
-9.851737e-01
-1.122866e+00
-1.218463e+00
4.863428e-01
1.161921e+00
-1.324687e+00
-2.234012e-01
-4.683428e-01
7.646130e-02
-1.468214e+00
-5.450315e-01
-1.083733e+00
-2.468751e+00
7.805163e-01
1.157216e+00
-1.242351e+00
-4.212421e-02
5.297715e-01
4.883275e-01
7.170719e-01
9.332618e-01
-1.422274e+00
-5.205871e-01
-4.964361e-01
1.789790e+00
5.656484e-01
3.401099e-01
-1.336339e+00
3.711913e-01
-1.124568e+00
-6.205607e-01
9.786047e-01
1.133106e+00
-1.540221e+00
8.145687e-01
-4.394620e-01
-1.307110e+00
1.345173e-01
-4.414335e-01
8.003863e-01
-5.953825e-01
5.192093e-01
-1.298359e+00
-5.245050e-01
-1.043198e-01
1.048533e-01
1.061141e-01
-8.917799e-02
-3.608263e-01
5.464311e-01
1.532458e+00
-4.748147e-01
1.755495e+00
2.084898e+00
9.405106e-01
5.122523e-02
1.389037e+00
1.883125e-01
6.597543e-01
1.858747e-01
-5.873266e-01
-7.759856e-01
-1.800040e-01
-1.215140e+00
9.684410e-01
1.463209e+00
-6.660834e-03
-7.414201e-02
-9.561649e-01
7.153438e-01
-1.406248e-01
8.253907e-01
-1.121469e-01
5.641050e-01
3.027106e-01
-5.719958e-01
6.584490e-01
1.395046e+00
-3.103089e-01
6.294617e-01
8.672035e-01
-1.105243e-01
-1.947936e+00
4.984868e-01
-9.656850e-01
1.358313e+00
-6.240793e-01
-6.231686e-01
6.666443e-01
-1.962366e+00
-3.924809e-01
-2.222993e-01
-1.046240e+00
1.112901e+00
-3.694825e-01
-1.194453e+00
-5.517378e-01
2.515453e+00
-1.508117e+00
-5.459634e-02
-1.085807e+00
1.649755e-01
1.550499e+00
-4.566690e-01
-3.891672e-01
6.000960e-01
-1.140188e+00
1.133133e+00
4.586585e-01
8.443256e-01
1.769147e+00
6.683299e-01
-4.006275e-01
-2.558602e+00
-7.263269e-01
2.006015e-01
-1.200621e+00
-5.648741e-01
3.294338e-01
8.249061e-02
-7.390020e-01
-1.116120e-01
9.618877e-01
-1.523122e+00
-5.213607e-01
-6.180349e-01
-1.289306e+00
-1.469213e+00
-1.055455e+00
8.665259e-01
2.634197e-01
-3.528441e-01
2.252920e+00
-1.587787e+00
4.977133e-01
1.313926e+00
3.068060e-01
7.219563e-01
9.678841e-01
-7.894553e-01
-4.364389e-01
1.145740e+00
7.315070e-01
8.454513e-01
-2.260737e+00
-2.667920e-01
4.119282e-01
1.863563e-01
-6.950299e-02
6.920684e-01
1.277778e+00
-1.062010e-01
-2.105976e-01
-1.487374e+00
5.633562e-03
9.625049e-01
1.747720e+00
-1.047796e+00
-1.478371e+00
1.068306e+00
7.503812e-01
-1.109144e+00
-1.767383e+00
-2.647671e-02
3.480992e-01
8.669373e-01
-4.941102e-01
4.594272e-01
-1.171340e-02
2.096941e+00
2.431854e-01
9.185789e-01
3.684039e-01
5.629020e-01
8.003915e-01
8.983174e-01
9.242899e-01
4.130897e-01
2.032649e-01
2.000315e-01
2.759399e-03
9.835507e-01
9.204718e-01
7.761183e-01
7.943332e-01
5.516498e-01
7.114174e-01
6.261284e-02
6.164865e-02
6.063792e-01
2.468121e-01
1.836326e-03
7.661921e-01
4.254309e-01
9.895638e-01
7.025248e-02
1.245078e-01
9.684148e-01
8.772232e-01
2.403686e-01
5.159204e-01
7.877268e-02
6.356007e-01
6.162064e-01
6.794563e-01
8.396026e-01
7.686849e-01
-1.618990e+00
-6.293164e-01
-2.246945e+00
8.523535e-01
-5.504508e-03
2.259335e-01
1.227318e+00
3.646517e-01
-1.749840e+00
-1.053134e+00
-8.048444e-02
4.994070e-01
-4.163380e-01
5.108033e-01
-6.807755e-01
-1.021368e-01
3.100692e-01
-3.737813e-01
8.733214e-01
-5.208230e-01
1.274322e+00
-4.935518e-01
2.164541e+00
-1.590829e+00
4.262901e-01
1.311131e+00
-2.533277e-01
2.713904e-02
7.602139e-02
-8.378735e-02
-8.038568e-01
-7.390195e-01
2.077990e-01
-1.325145e+00
-8.076893e-01
1.688867e-01
-9.089523e-01
-1.428858e+00
2.653888e-01
8.230357e-02
-5.878595e-01
1.554674e-02
7.585614e-02
-2.179974e+00
8.577063e-02
1.859888e+00
5.628637e-01
-1.032474e+00
-3.099158e-01
-2.152943e+00
-6.497536e-01
-3.360108e-01
-5.367357e-01
-2.243006e+00
-9.092599e-01
-5.367394e-02
-9.720644e-01
1.129738e+00
1.029026e+00
9.161280e-02
-3.950749e-01
1.293057e+00
-4.097220e-01
-7.826332e-01
-4.781210e-02
-4.632088e-01
-2.448463e+00
7.263245e-01
9.485011e-01
-1.256755e+00
2.960467e-01
-8.948321e-02
-1.814650e-01
6.048237e-01
-5.654722e-02
1.080447e+00
-2.276537e-01
-1.892740e+00
-6.555243e-01
4.029355e-02
-1.028715e+00
9.019146e-02
3.040253e-01
6.185968e-01
9.373413e-01
-1.050417e+00
9.031933e-01
-1.065636e-01
5.815002e-01
-1.466746e+00
9.619234e-02
3.055548e-01
-2.730761e-01
-2.946591e-01
8.302439e-01
-6.990375e-01
4.311779e-01
7.501260e-01
1.157591e-01
-7.786887e-01
8.043937e-01
1.323262e+00
7.720465e-02
-5.093450e-01
-1.508997e+00
1.372396e+00
1.766092e-01
2.199409e+00
-1.360769e+00
8.209087e-01
-9.179341e-01
-7.136667e-01
2.011610e-01
1.239509e-01
-7.511270e-01
-6.203712e-01
-1.982319e-01
-4.341694e-01
8.931132e-01
1.147066e-01
-1.574377e-01
-8.246246e-02
5.652624e-01
1.721088e-02
9.796724e-01
-1.328249e+00
3.212380e-02
5.102476e-01
-9.498084e-01
-3.086756e-01
2.321890e+00
4.409823e-01
-1.212091e-01
4.617519e-01
-3.339634e-02
9.908648e-01
-1.607547e+00
-8.635271e-01
1.431956e+00
1.285934e+00
3.861010e-01
-2.716826e-02
-1.032214e+00
5.062830e-01
1.036892e+00
-9.268368e-01
-4.439436e-01
-1.450426e+00
9.253505e-02
-9.863472e-01
8.919089e-01
6.392406e-01
-2.755721e-01
1.177444e+00
-1.678346e+00
6.461252e-01
9.335159e-01
-1.416310e+00
-1.251471e+00
1.313369e-01
1.443010e+00
-9.873041e-01
1.022211e+00
1.801603e-01
5.927703e-01
2.149977e+00
-3.183993e-02
2.334956e-01
-9.060127e-01
-6.795487e-01
4.728218e-01
-2.932603e-01
-6.378064e-01
-2.218720e-01
-9.998865e-01
-8.341386e-01
-4.385193e-01
-3.022941e-01
1.516103e+00
-5.308616e-01
-4.210003e-01
7.129093e-01
-1.286705e+00
1.257114e+00
-5.541851e-01
7.796613e-01
-5.151007e-01
-4.453707e-01
-8.555269e-01
-2.908375e-01
-1.148363e+00
-9.255962e-01
-8.559231e-01
-1.605491e+00
-2.082277e+00
4.255004e-01
-1.348571e-01
8.048521e-01
1.349549e-02
9.047425e-01
-4.094523e-01
-9.738500e-02
1.716427e+00
2.717443e-02
-1.012852e+00
-8.187211e-02
-4.631735e-02
-1.963132e-01
-1.700288e-01
-5.270516e-01
-1.513102e+00
7.516220e-01
-7.827754e-01
1.077116e+00
-5.970414e-01
4.807677e-01
1.598280e-01
-3.702714e-03
9.049841e-01
1.263724e+00
4.411640e-01
-3.564443e-01
5.087903e-01
8.450725e-01
7.391365e-01
-1.856897e+00
1.173777e+00
-6.286795e-01
5.243117e-01
-4.181565e-01
-1.324449e+00
2.487624e+00
1.051065e+00
-1.520432e-01
-7.799429e-02
6.298183e-02
8.982602e-01
-1.005641e+00
-3.244953e-01
-2.006729e+00
-7.202521e-02
-5.772881e-01
1.498494e-01
-6.136114e-01
-1.230848e+00
-4.778937e-01
5.406790e-01
6.255743e-01
6.344010e-02
-8.542400e-02
-4.706536e-01
-4.326427e-01
1.302235e-01
1.600653e+00
4.915053e-01
9.927709e-01
1.227239e+00
1.487511e+00
-1.846186e-01
3.118515e-01
1.617503e+00
2.521722e-01
2.612447e-01
6.001114e-01
-3.854290e-01
3.029059e-02
-5.071290e-01
3.304387e-02
-1.448265e+00
-7.857083e-02
-2.083796e+00
1.630377e+00
2.000552e+00
7.990028e-02
1.703615e+00
1.778469e-01
-1.054334e+00
-6.629957e-01
1.206379e-01
4.506295e-02
1.093754e+00
6.062346e-01
1.168050e+00
1.225490e+00
1.079202e-01
-6.287292e-01
2.621018e-01
4.794085e-01
4.301761e-01
1.800645e+00
9.854746e-01
-4.430868e-01
7.921812e-01
-2.322942e-01
6.368145e-01
1.223193e+00
1.397524e+00
-1.000972e+00
9.892169e-01
-9.243250e-01
1.225647e+00
-1.578985e+00
1.023370e+00
9.702308e-01
-7.857565e-01
7.953263e-01
3.242977e-01
9.429432e-01
9.381950e-01
-1.006493e+00
-1.584007e-01
9.412587e-01
-6.130778e-01
1.303457e+00
-4.773831e-01
2.347670e-01
-1.101076e+00
-2.161889e-03
-6.374987e-01
5.153707e-02
8.891697e-02
1.337367e+00
-8.005874e-01
-1.848522e+00
8.054235e-01
-5.977879e-01
1.550930e+00
-1.795582e-01
1.808774e+00
3.158180e-01
1.558883e+00
4.486090e-02
5.427510e-01
-4.218009e-01
3.505581e-01
4.757848e-01
-7.303245e-01
3.032626e-01
1.059397e+00
5.271687e-01
-3.034685e-01
6.344539e-01
-2.172142e-01
2.128766e-01
-1.266023e+00
5.508735e-01
7.926282e-01
-3.005512e-01
1.333944e+00
9.452950e-01
1.275210e-01
2.410059e-01
-1.766886e+00
-1.687284e+00
-2.285258e-01
-4.554933e-01
8.347228e-01
-1.307886e+00
8.379157e-02
-3.149510e-01
2.819058e-01
-1.651512e+00
-4.480499e-02
1.404053e+00
-2.848899e-01
1.465587e+00
-3.325556e-01
7.331633e-01
-4.482368e-01
-1.187932e-01
-1.267808e+00
1.635447e+00
6.267014e-01
-7.403346e-01
-4.468571e-01
5.473937e-01
-6.735520e-01
7.089859e-01
8.034182e-01
-3.754374e-01
-1.485738e+00
-1.025168e+00
-3.229290e-01
-1.958806e-01
-1.125290e+00
3.496799e-01
2.075504e-02
-4.468904e-01
1.852055e+00
-3.283510e-01
-4.535118e-01
7.692125e-01
-1.000494e+00
7.999104e-01
3.484301e-01
6.985355e-01
8.490542e-01
5.899001e-01
3.253521e-01
1.543592e+00
-1.473409e+00
-4.904942e-02
-1.332432e-03
-9.817139e-01
5.012259e-01
-5.775228e-01
-1.142200e+00
1.052441e+00
1.110760e+00
1.225938e+00
3.966016e-01
-9.476682e-01
2.552159e-02
-7.125371e-01
-4.077750e-01
-1.749803e+00
-5.714478e-01
-6.181567e-01
1.032402e+00
-5.296056e-01
-2.547309e-01
8.313269e-01
-1.556067e+00
9.984199e-01
-8.962161e-01
2.098335e-01
-4.112343e-01
6.151887e-01
1.216850e+00
-8.726933e-01
1.337811e+00
-8.207164e-01
-1.588333e+00
1.069774e+00
8.377191e-01
-6.576159e-01
-3.007061e-01
1.581697e-01
-1.177353e+00
1.415639e+00
2.553679e-01
1.448359e+00
-1.237464e+00
1.259159e+00
SIG
16
-1.378092e-01
-1.424438e+00
-4.183302e-01
-3.212951e-01
-1.127326e+00
1.983076e-01
9.839308e-01
-3.646943e-01
-9.162525e-01
-5.204397e-01
2.322453e-01
-9.082611e-02
-1.384465e+00
3.974442e-01
4.121355e-01
-1.279006e+00
1.168286e-01
5.340588e-01
3.997176e-01
-2.979700e-01
6.434398e-01
-9.287285e-01
-1.395415e+00
7.142252e-01
7.718755e-02
4.826804e-01
-6.323117e-01
1.140949e+00
-4.171921e-01
4.696923e-01
-7.963535e-01
-7.047208e-01
NOISE
669
3.040106e-01
7.000701e-01
9.520693e-01
5.447801e-01
2.590868e-01
2.108767e-02
7.574226e-01
7.867622e-03
2.654935e-01
5.500529e-01
1.385363e-01
4.460474e-01
1.418445e-01
8.756350e-01
5.501158e-01
5.845501e-01
5.307990e-01
8.595961e-01
5.071793e-01
7.362704e-01
8.574870e-01
1.142794e-01
4.332578e-01
2.847717e-01
8.685695e-01
6.695505e-02
6.114040e-01
3.443336e-01
2.696748e-01
5.701306e-01
1.321821e-01
1.349729e-01
9.350314e-01
3.356355e-01
1.976190e-01
7.157457e-02
9.117807e-01
9.569416e-01
3.593204e-01
9.609057e-02
8.935363e-01
3.836446e-01
1.581305e-01
6.418843e-01
3.840833e-02
6.684943e-02
5.389859e-01
9.182553e-01
-2.107071e-01
3.481894e-01
-1.019276e+00
-1.848752e-01
-9.399599e-01
-7.326349e-02
1.684163e+00
-9.503335e-01
-1.267691e+00
8.056352e-01
3.481907e-01
-1.575644e+00
8.971049e-01
1.473235e-01
1.160881e+00
-4.413978e-01
4.234635e-01
-1.416315e+00
5.028805e-01
1.309347e+00
5.404100e-01
2.668876e+00
-4.813472e-01
6.893255e-01
-1.648188e-01
-1.233306e-01
-1.287471e-01
-1.205394e+00
3.215870e-01
-4.066817e-01
3.820035e-02
4.722302e-01
1.429095e+00
4.519955e-01
1.812187e-01
-9.385228e-01
-1.241484e+00
-1.073485e+00
1.590987e-01
-8.324607e-02
-8.953026e-02
-6.852713e-01
-1.585870e+00
1.895233e+00
8.917436e-02
-1.052912e+00
1.386917e-01
-2.587467e-01
5.971447e-01
-1.873881e+00
6.411212e-01
2.211772e-02
3.007531e-02
9.945092e-01
9.607290e-01
2.056645e+00
-5.923465e-01
1.973587e+00
-4.259503e-01
-1.485193e+00
-6.996236e-02
-8.724337e-01
1.001307e+00
-8.917924e-01
9.503078e-02
5.286152e-01
3.938382e-02
-1.270288e-01
-4.742242e-01
5.295417e-01
-3.105773e+00
1.406595e+00
-1.951531e-01
-4.715825e-02
-6.181257e-01
-4.155714e-01
1.137881e-01
-9.575277e-01
6.663375e-02
2.250233e+00
-7.958196e-01
5.223334e-01
1.514789e-01
-3.596227e-01
-2.346585e-01
-1.174979e+00
-8.938393e-01
-3.974242e-01
6.827091e-01
-2.044965e+00
2.028259e-01
2.033734e+00
1.655626e+00
-1.306259e+00
6.896746e-01
7.474667e-01
-8.037574e-01
9.964827e-01
-1.808744e+00
9.422955e-02
1.261461e+00
-4.915196e-01
-6.531188e-01
-6.875519e-01
5.556090e-01
-9.520465e-01
-4.953698e-01
2.413638e-01
7.332023e-01
-3.727204e-01
-1.756439e-01
-3.625434e-01
2.283397e-01
-6.915455e-01
1.616688e-01
-1.663454e+00
1.144293e+00
-9.571289e-01
-9.582799e-01
2.058115e-01
1.250497e+00
-1.285116e+00
1.075274e+00
-1.362807e+00
1.161595e+00
-1.598593e+00
9.234252e-01
-1.415003e+00
1.024219e+00
-2.138408e+00
1.744864e-02
2.861935e-01
-4.149645e-01
6.425734e-02
1.085472e+00
1.723376e+00
-6.466933e-01
-4.720526e-01
-3.324368e-01
1.392414e+00
9.398331e-01
-8.678109e-01
-2.232475e-01
-2.227978e-01
1.173961e+00
5.346662e-01
-1.095959e+00
5.812890e-01
3.757426e-01
-1.204580e+00
1.680668e-02
-1.313363e+00
3.466005e-02
1.310473e+00
-1.181249e+00
3.041735e+00
-8.726440e-01
2.666376e-01
-1.212720e+00
-3.438721e-01
2.326790e-01
1.458730e+00
-1.502507e+00
3.647249e-01
5.882521e-01
-1.707267e+00
-9.033157e-01
-9.017623e-01
-2.592333e-01
2.151646e-02
5.985217e-01
5.847973e-01
2.430197e+00
2.156410e+00
5.236388e-01
-8.379143e-01
-2.086381e+00
-1.418120e+00
2.791097e-01
6.187836e-01
4.114575e-01
9.872104e-01
2.208861e-01
1.952028e+00
2.306916e+00
-1.382999e+00
4.696750e-02
-1.677955e-01
-3.444198e-01
1.512916e-01
-6.981667e-01
1.940545e+00
-6.070677e-01
4.799653e-01
-2.315426e-01
3.535137e-01
7.328320e-01
-1.455611e-01
3.802662e-01
-3.147867e-01
-1.598214e+00
-1.546752e+00
-6.968394e-01
2.938709e-01
-8.008812e-01
1.243260e-01
-1.397996e+00
1.357379e+00
1.500030e-02
7.920836e-01
1.247647e+00
1.031803e+00
-1.516776e+00
-4.870629e-01
-1.550065e-01
7.733651e-01
-3.747564e-01
7.565422e-01
-6.343880e-01
-5.524944e-01
-1.499886e-01
1.267047e+00
-7.430011e-02
-1.312093e-02
-7.936593e-01
-3.701628e-01
1.080217e+00
7.135099e-01
8.762988e-01
-6.063250e-02
-1.379722e+00
-5.107077e-01
-2.668057e+00
6.618400e-01
1.734042e+00
9.582420e-01
1.933180e+00
-2.688320e-01
8.539107e-01
1.076584e+00
5.534350e-01
-1.859374e-01
1.520741e-02
8.675576e-01
-1.419642e+00
-5.184164e-01
5.446578e-01
-9.523998e-01
2.604155e-01
1.120000e+00
8.646360e-01
4.541886e-01
-8.280294e-01
1.982916e+00
8.006681e-01
-2.689791e-02
-3.409177e-02
-9.108951e-01
6.914383e-01
-1.898601e+00
1.969411e-01
2.979694e-01
-4.844936e-01
-6.883755e-02
1.229069e+00
-4.485181e-01
8.276033e-01
9.914661e-01
2.843752e-01
-1.570123e+00
6.699448e-01
-2.507771e-01
-1.504182e+00
-3.543664e-01
5.237884e-01
-9.096516e-01
-1.644110e+00
6.350067e-01
8.414495e-01
9.244851e-01
1.635024e+00
-1.539304e+00
2.971022e-01
6.613641e-01
3.676181e-01
4.230344e-01
-5.211516e-01
3.886700e-01
3.483867e-01
1.333692e-01
6.946661e-01
-8.158184e-01
-1.092950e+00
2.775674e-01
3.642746e-01
-1.180643e+00
-6.236248e-01
7.948709e-01
1.331805e+00
1.662393e+00
-2.104820e-02
1.574891e+00
-8.101591e-02
-4.829211e-01
2.048464e-01
5.299832e-01
4.980007e-01
-1.527130e-02
-1.049367e+00
-8.119583e-01
-1.104347e-01
-4.396595e-01
7.322118e-01
1.198123e+00
-2.042149e+00
7.051769e-02
1.063865e+00
-1.419318e+00
8.715084e-01
1.922026e+00
-1.977822e-01
2.431427e-01
-2.032550e+00
1.100640e-01
8.415604e-01
-1.244189e+00
1.179517e+00
-7.963506e-01
6.551727e-01
-1.646233e+00
3.683233e-01
-6.749673e-01
8.413364e-02
-1.216257e+00
1.095574e+00
-1.076123e+00
1.372918e+00
-2.315996e-01
-6.240896e-01
-1.153050e-01
4.444210e-02
-9.233507e-01
4.340842e-01
-1.190281e+00
4.032910e+00
-4.403020e-01
-3.198542e-02
-1.204088e+00
-9.217145e-01
-4.369864e-01
-4.180589e-01
6.162731e-01
4.253760e-01
-2.285824e-01
-2.465339e-01
-8.315821e-01
-1.244668e+00
-9.039687e-03
-8.027507e-01
1.172644e+00
1.282668e+00
-1.145638e-01
1.095225e+00
6.611710e-01
-4.769684e-01
-1.310870e-01
-1.184291e+00
8.906361e-01
-2.647122e+00
-6.837035e-01
-3.308775e-01
-1.901113e+00
-1.746429e+00
1.072179e-01
-1.117785e+00
-1.627740e-01
7.306703e-01
-1.409527e+00
-1.137126e+00
-7.461513e-01
-4.372155e-01
5.519343e-01
-3.505901e-01
-1.089323e+00
4.284496e-01
-5.479451e-01
1.100494e+00
3.453930e-01
1.573087e+00
-1.020857e-01
-8.853370e-03
-7.729294e-01
-8.439569e-01
6.611223e-01
-8.961160e-01
1.050136e+00
-6.551208e-01
5.049630e-01
-1.357409e+00
-5.640560e-01
-1.143516e-02
2.187244e-01
-1.109099e+00
9.727976e-01
-6.938371e-01
6.377697e-01
7.680566e-02
1.693590e+00
1.284602e-01
6.764787e-01
-1.479918e+00
-6.493651e-01
1.216477e-01
-1.493248e+00
-3.875868e-01
3.677853e-01
-1.965971e+00
-6.027538e-02
-2.370908e-02
-1.506503e+00
3.910394e-01
-2.842273e-01
2.088013e+00
-5.408115e-02
-1.162794e+00
-8.079056e-01
-8.092561e-01
-1.494030e+00
1.050171e+00
-3.688787e-01
2.209041e-01
-1.192557e+00
-5.964358e-01
-2.728589e-01
-2.029607e+00
-1.165851e-02
4.441294e-01
1.613056e+00
-5.588197e-01
-1.710921e-01
-4.917282e-01
2.047260e+00
6.745120e-01
4.346993e-01
9.397683e-01
-9.530983e-01
-7.653854e-01
1.253911e+00
-3.649238e-01
-5.838940e-01
-8.974333e-02
1.249181e-01
1.336845e+00
2.886838e+00
8.383500e-02
3.544978e-01
-8.713080e-01
7.853279e-02
-1.664969e+00
1.893705e-01
4.272817e-02
-5.046827e-01
-5.202177e-01
1.342853e+00
6.268664e-01
-6.704609e-02
4.419520e-01
-1.150380e-01
4.409067e-01
4.126771e-01
1.214515e-02
1.108790e+00
4.679417e-01
-4.779117e-01
1.739356e+00
1.733169e-01
2.009376e-01
-1.263692e+00
1.089758e-01
-1.304674e+00
5.108023e-01
-2.146688e-01
-2.612127e-01
1.968707e+00
-7.523683e-02
7.700290e-01
1.948307e+00
-1.690164e+00
1.112297e+00
1.533359e+00
-4.012017e-01
2.602241e-01
-7.601234e-01
-5.395444e-01
3.509405e-01
-1.054506e+00
-7.444513e-01
8.214230e-01
-1.360280e+00
-1.836080e+00
6.530600e-02
3.710973e-01
8.692209e-01
-2.236333e+00
-7.193298e-01
1.395718e+00
5.413057e-01
8.182582e-01
6.970379e-01
-7.038335e-02
7.100741e-02
-5.838102e-01
-4.507921e-01
-1.100862e+00
-1.492400e+00
-5.033572e-01
1.196473e-01
-2.106248e+00
-1.405118e+00
1.858648e+00
6.826422e-01
1.070482e+00
8.794608e-01
-2.759869e-01
-5.018654e-01
1.389728e+00
1.867182e+00
5.851730e-01
1.967345e+00
-6.336503e-01
1.470277e+00
1.260323e+00
5.425454e-01
3.713093e-01
-2.140754e+00
-6.907896e-01
-7.600165e-01
-5.467522e-01
1.365457e+00
9.237449e-02
-8.472754e-01
4.319277e-01
7.383507e-02
3.050784e-01
-2.565957e-01
-3.501475e-02
1.379533e+00
-3.556215e+00
-1.262656e+00
4.385860e-01
1.583318e-01
6.081980e-01
1.341663e+00
1.182389e-02
9.455678e-01
1.224359e+00
1.027168e+00
6.374770e-01
5.640037e-01
-2.162286e-01
-1.571816e-01
-8.598470e-01
1.363608e+00
-6.665145e-01
7.168614e-03
1.556020e+00
-7.377883e-01
-1.433888e-01
6.577433e-01
-4.263200e-01
2.515788e-01
-6.120575e-01
-6.297051e-01
-3.184504e-01
5.375694e-01
1.427460e+00
1.454479e+00
1.564971e+00
-1.007627e+00
-3.361155e-02
9.198269e-01
-1.704130e+00
6.089969e-02
1.245903e-01
-1.113065e+00
-3.787707e-03
1.641783e+00
-5.980828e-02
-6.752887e-01
6.961430e-01
-3.891015e-01
9.515539e-01
7.861088e-01
-2.722402e-01
2.488124e-01
-2.871403e-01
-1.557623e+00
1.650261e-01
-3.698743e-01
-7.491508e-01
3.450766e-01
1.206058e+00
1.034167e+00
3.293934e+00
6.291150e-01
9.664244e-01
5.749295e-01
2.997654e-01
9.647532e-01
-4.626718e-01
-3.989412e-01
-1.254890e-01
1.497857e+00
1.207360e+00
2.647604e-01
9.109163e-01
6.271996e-01
-1.751475e+00
9.788699e-01
-1.003438e+00
1.987019e+00
1.667130e-01
1.246097e-01
1.369459e-02
7.627627e-01
7.227542e-01
8.544392e-01
2.499571e-01
6.149003e-01
4.861131e-02
1.127946e-01
3.481474e-01
4.719492e-01
7.953199e-02
6.820294e-01
5.252873e-01
5.158666e-01
9.403900e-01
1.317274e-01
6.507813e-01
8.471870e-01
3.459035e-01
6.814832e-02
1.148041e-02
6.790062e-03
2.924747e-01
2.176623e-01
3.019020e-01
5.953973e-01
5.636929e-01
2.179958e-01
3.905842e-01
3.381232e-01
7.458726e-01
3.689941e-01
4.232204e-01
5.714353e-01
5.881202e-01
2.874579e-02
9.113020e-02
5.010213e-01
9.182529e-01
2.476160e-01
6.529379e-01
6.520322e-02
1.633748e-02
5.200894e-01
6.523483e-01
3.941545e-01
-4.593641e-01
3.345434e-01
2.823935e+00
-5.034231e-01
7.904118e-01
3.134506e-02
-3.383600e-01
-5.856034e-01
-1.716212e+00
1.262720e+00
1.859582e+00
-1.344026e+00
1.942681e+00
1.706010e-01
4.796042e-01
-6.222177e-01
-5.213957e-01
1.762774e-01
5.848244e-01
-2.766461e-01
-1.034864e+00
4.825806e-01
-5.396306e-01
-9.101789e-01
-6.335193e-01
9.044092e-01
4.028420e-01
1.293990e+00
1.234818e+00
9.710268e-01
1.262846e+00
6.519173e-01
-1.717838e-01
-6.237708e-01
-3.100377e+00
1.461136e-01
-5.486445e-01
2.956246e-01
3.101508e-01
-1.012445e+00
-1.699769e+00
3.818729e-01
-1.568210e-01
1.136870e+00
-1.958226e-01
-5.042179e-02
-3.638140e-01
-7.085844e-01
1.017543e+00
2.691979e-01
-1.384835e+00
-5.023996e-01
1.485400e+00
2.137216e+00
-1.859131e-01
-4.990059e-01
-7.591065e-01
-8.671537e-02
1.332832e+00
6.312090e-01
-7.226093e-01
7.642995e-02
-3.786100e-01
1.088881e+00
1.520287e+00
4.205112e-01
-2.319586e-01
-1.691893e+00
-2.266469e+00
-3.906384e-01
-7.683184e-01
2.107612e+00
9.423363e-01
1.105992e+00
8.145496e-02
7.815119e-01
-4.693797e-01
-1.759373e+00
1.100247e+00
5.084616e-01
2.465889e-02
-1.069908e+00
-5.714669e-01
8.349590e-02
-8.155765e-01
-6.264225e-01
6.346304e-01
7.019177e-01
-3.348019e-01
7.968609e-01
1.920908e-01
-1.305697e+00
-1.030809e+00
-1.151385e+00
-8.779609e-01
1.037023e-01
7.375065e-01
1.370918e+00
-7.903147e-01
-1.215937e+00
-8.411491e-02
1.119638e-01
7.047335e-01
-2.987838e-01
-5.605346e-01
-3.643394e-01
-2.636942e-01
-7.513922e-01
7.012248e-01
3.304269e-01
5.355802e-01
3.847631e-01
4.949236e-01
-1.486125e+00
2.442085e-01
7.767824e-01
-5.289764e-01
-5.636112e-01
-5.108989e-01
-7.168624e-02
-7.098866e-01
-2.663801e-01
1.156342e+00
-9.496657e-01
9.232754e-01
-1.802517e+00
-3.973765e-01
8.448781e-03
1.417192e+00
1.387874e+00
-8.602394e-01
4.630710e-01
9.306926e-01
1.080988e+00
1.216575e-01
4.528268e-01
4.210699e-01
1.249548e-01
1.639495e-01
1.434263e+00
3.177010e-01
-1.290682e-01
3.640242e-01
2.746098e-01
1.763330e+00
-1.096470e+00
-2.276255e-01
5.217861e-01
-1.162516e+00
1.192141e+00
-9.777240e-02
6.942537e-01
-1.682327e-01
-5.696124e-01
-5.567386e-02
9.492875e-02
-7.249084e-01
8.293160e-01
5.837553e-01
7.755869e-01
2.917405e-01
5.760262e-02
1.745677e+00
4.411529e-01
7.474467e-02
2.386264e-01
1.120566e+00
1.408283e+00
-1.796432e+00
1.414916e+00
-8.439732e-01
-2.666322e+00
1.051317e+00
-1.459383e+00
9.063029e-01
-5.350570e-01
7.550440e-01
1.380169e+00
-9.945953e-01
-8.774552e-02
9.458716e-01
4.488342e-01
1.418111e+00
5.233349e-01
-1.223422e+00
1.516837e+00
-1.164234e+00
-3.714255e-01
4.205927e-01
-1.009502e+00
5.791821e-01
1.088774e+00
-1.277482e-02
-1.102958e+00
-4.274533e-01
3.211293e-01
-6.072823e-01
-5.182434e-01
3.984920e-01
2.186801e+00
-1.518393e+00
1.138638e-01
-1.177545e+00
-9.566476e-01
1.916506e-03
-7.165023e-01
-1.349640e+00
-6.974876e-01
-7.781160e-01
1.874254e-01
1.092741e+00
8.233089e-01
-4.171155e-01
9.220450e-01
-8.304631e-01
-1.003136e+00
-1.276041e+00
-3.459954e-01
-3.207447e-01
-1.241000e-01
1.908752e+00
-1.113947e-01
-3.793598e-01
1.156977e+00
9.242602e-02
-4.891375e-01
1.110642e+00
-6.461364e-01
8.529673e-02
-3.950224e-01
-5.163903e-01
1.526891e+00
-1.303444e+00
-1.949160e+00
1.408648e-01
3.306138e-02
-4.256585e-01
2.703236e-01
1.362385e+00
-9.755550e-01
-4.420510e-02
9.649058e-01
4.562878e-01
3.707999e-01
8.246422e-01
-2.451247e-01
-1.089404e+00
4.317760e-01
-1.047861e+00
3.334138e-01
3.098119e-01
6.753637e-02
8.169779e-01
-6.768370e-02
-1.208416e+00
6.844576e-01
-3.511041e-02
-1.380684e+00
-6.174670e-01
-3.187463e-01
1.693157e+00
-1.079942e+00
-2.274040e+00
1.032985e+00
-7.611409e-01
1.100796e+00
3.322526e-01
4.250992e-01
1.425667e+00
-2.084166e+00
2.496617e-01
2.756572e-01
6.965166e-01
1.243536e+00
3.985730e-01
-4.619273e-01
-1.138666e+00
-1.134057e+00
1.372909e+00
-1.466461e+00
-6.776327e-01
-8.300010e-01
5.026686e-01
-2.362398e-01
-2.036259e-01
-1.295842e-01
-9.857644e-02
1.743826e+00
-1.213380e+00
3.822554e-01
-6.720899e-01
7.757554e-01
-1.534676e-01
9.306162e-01
-1.252742e+00
5.677000e-01
3.727534e-01
6.869352e-01
-1.284724e+00
-9.334408e-01
1.665034e-01
4.598780e-01
-1.591970e+00
1.266362e+00
-1.532472e+00
6.384187e-01
-2.160996e+00
3.862371e-01
-7.356512e-01
-1.955406e+00
1.249203e+00
-3.889764e-01
1.638022e+00
-1.420730e+00
7.734728e-01
-1.043327e+00
4.110489e-01
1.121196e+00
-3.235001e-01
-1.523821e+00
1.194391e-01
-1.783107e+00
-1.219478e+00
1.024316e-01
1.650495e+00
-4.669636e-02
-3.011442e-01
-8.806407e-01
1.199711e+00
2.176245e-01
6.417631e-01
2.592299e+00
2.100805e-01
1.622661e-02
3.386136e-01
4.484448e-02
-2.034928e+00
1.612085e-01
8.811907e-01
1.542586e+00
1.206398e+00
8.244671e-02
-1.198512e+00
-1.582457e+00
-3.410277e-02
6.840282e-01
2.236599e-01
-2.310800e-01
1.576452e-01
-7.276744e-01
9.945224e-01
-4.937879e-01
-3.896768e-01
-5.720831e-01
-1.476824e+00
-9.563913e-01
8.107663e-01
-1.908685e+00
-8.282202e-01
5.311420e-01
-1.056959e+00
-1.150185e+00
-4.156892e-01
6.870735e-01
7.726028e-01
-2.208358e-01
-1.681312e+00
-7.186942e-01
-3.569567e-01
-4.792473e-01
-1.779476e-01
2.235217e+00
7.449094e-02
-1.698044e+00
-3.499054e-01
1.999682e+00
1.951395e+00
-1.787337e-01
-1.214855e-01
-1.625623e-01
1.326946e-01
1.000452e+00
1.127545e+00
-3.207920e-01
1.440176e+00
-8.230819e-01
6.061718e-01
7.303920e-01
-2.692892e-01
-5.207870e-01
-6.615872e-01
-6.476562e-01
1.815080e+00
-4.287586e-01
-2.393340e-01
-1.159847e+00
1.158932e+00
-1.831725e+00
-2.652163e-01
-1.365250e+00
-2.667913e-02
7.980679e-01
-9.539202e-01
2.953010e-02
-1.088812e+00
-2.330994e-01
-9.043468e-01
1.016851e+00
3.314509e-01
1.193896e+00
-1.510363e+00
7.798369e-02
-8.143490e-01
7.446159e-01
5.480094e-02
1.410041e+00
-9.138570e-02
-3.280529e-01
1.231535e+00
-1.951812e+00
-2.066270e+00
-8.043588e-01
2.948079e-01
4.517845e-01
-4.806091e-01
5.880745e-01
-2.974892e-01
1.244123e+00
-1.615045e+00
-5.013351e-01
3.653870e-01
-1.725524e-01
9.579750e-01
-2.706742e-01
7.568658e-01
-5.883494e-01
9.370988e-01
1.058088e+00
9.124639e-01
-1.751763e+00
-1.369620e+00
2.716607e+00
-1.349601e+00
-1.132708e+00
5.955053e-01
-1.135668e+00
1.078243e-01
2.098884e+00
-9.376265e-01
3.849151e-01
-2.302174e+00
1.327500e-01
-7.189737e-02
5.919781e-01
9.082815e-02
7.718041e-01
-1.134626e-01
2.746862e+00
1.567459e-01
-1.466092e+00
-1.321382e+00
9.421769e-01
1.239781e-01
-6.438634e-02
4.467950e-01
5.437560e-01
-3.369318e-01
-1.388794e+00
-2.501065e+00
-7.907344e-01
-9.679398e-02
1.665462e-01
-1.144437e-01
1.908370e-01
1.743262e+00
6.725292e-02
-1.800944e+00
2.217905e-01
6.383512e-01
-1.768645e+00
-5.384278e-01
-1.519979e+00
-9.049450e-01
6.434326e-01
-1.489565e+00
9.703716e-01
1.605404e+00
-7.737082e-01
-1.443690e-01
-7.744633e-01
3.908786e-01
2.223065e-01
-1.599992e+00
1.421874e+00
3.252542e-01
3.885363e-02
-1.322831e+00
1.302942e+00
2.559433e-01
7.216617e-01
1.296994e-01
4.700599e-01
3.803620e-01
-6.088401e-01
7.158846e-02
1.420271e-01
-1.773970e+00
-1.145349e+00
9.901259e-01
2.140195e+00
-7.763441e-01
-1.567134e+00
1.146656e+00
5.141646e-01
-4.440575e-01
3.417591e-01
4.347745e-02
1.534120e+00
6.381469e-01
-9.425915e-01
9.009460e-01
6.017115e-01
1.352915e+00
-1.866167e+00
7.927065e-02
1.059542e-01
-1.575360e+00
1.191622e+00
-1.512267e+00
-1.057314e+00
-5.565220e-01
-1.196984e+00
-1.156488e+00
-6.131088e-01
-1.852851e-01
1.797870e-01
4.699057e-01
-1.406600e+00
-2.968593e+00
-1.867482e+00
5.236332e-01
4.056669e-01
1.557850e+00
2.525647e-02
1.369817e-01
1.343813e-01
8.338929e-01
3.718899e-01
2.933064e-01
1.000569e+00
-1.219188e+00
1.057330e+00
-1.897343e-01
4.216225e-01
1.073891e+00
-1.207017e+00
3.415941e-01
-2.508121e+00
2.497158e-01
-5.141132e-01
3.061703e-01
-1.336614e+00
-7.659991e-01
-1.186263e+00
-2.730694e-01
-4.071785e-01
-1.890993e+00
6.462921e-01
-7.765544e-02
2.716442e-01
-9.413638e-01
3.238524e-01
-4.261275e-01
1.522027e-01
1.683960e-01
1.126711e+00
-6.063185e-01
1.253060e+00
-9.313985e-01
-1.263291e+00
-6.887111e-01
-3.049978e-01
-1.761612e+00
4.023319e-01
-1.203043e-01
2.973347e-01
6.848104e-01
-1.085666e+00
3.860263e-01
1.237181e+00
1.877449e-01
1.055885e+00
1.014746e+00
6.724932e-01
-7.975412e-01
9.593530e-01
-5.039306e-01
-9.160870e-01
5.479575e-03
8.062164e-01
-1.705524e+00
1.577219e+00
3.100837e-01
-5.030147e-01
5.020475e-01
8.164945e-01
-7.254178e-01
-6.031602e-01
-1.258341e+00
-6.715325e-01
-2.387187e-01
-1.765379e-01
3.666994e-01
-5.174275e-01
-1.523100e-01
7.393892e-01
-6.516947e-01
-6.671803e-01
1.994207e+00
6.648032e-01
-2.286293e+00
END