SIG
8
7.667187e-02
-7.604047e-01
-7.881010e-01
-5.225663e-01
-1.487455e-01
1.444650e+00
3.605913e-02
-8.780302e-01
-5.096999e-01
-6.939698e-01
9.627433e-01
1.439315e+00
1.105756e+00
-2.372353e-01
8.681715e-01
-2.483816e-02
SIG
12
-8.489179e-01
-2.140255e-02
2.170356e-01
5.853199e-01
3.257555e-01
6.399215e-01
3.841911e-02
-1.697214e-02
5.745957e-01
-2.109220e-01
-1.298373e+00
1.377458e+00
6.678167e-01
1.901748e-01
-2.588069e-01
1.787870e-01
7.115245e-01
7.981265e-01
7.613538e-01
-6.749857e-01
4.362050e-01
-3.598658e-01
-4.687679e-01
-1.296704e+00
SIG
16
-5.356386e-01
-6.052290e-01
-3.943833e-01
-1.135254e+00
-6.322528e-01
-1.472392e+00
-1.154794e+00
3.008742e-01
-8.135854e-01
-9.535838e-02
-5.228794e-01
5.691164e-01
-1.660486e+00
9.542750e-03
1.095317e+00
6.397496e-01
4.734507e-01
-2.895265e-01
2.393473e+00
-6.886159e-02
7.296114e-01
1.213697e+00
-1.877068e-01
1.921522e-02
-2.544778e-01
-7.161946e-01
5.163196e-01
-5.789232e-02
-1.338724e+00
-3.275131e-02
7.793661e-01
-1.388144e-01
END