SIG
8
-1.288106e+00
2.099294e-01
1.120863e-01
3.263276e-02
-7.821000e-02
1.375078e+00
-8.188120e-01
1.424047e-01
3.123910e-01
-1.397751e+00
3.102831e-01
1.030981e+00
-2.028224e-01
-2.059604e-01
-1.029696e+00
2.142905e-01
NOISE
315
1.130330e-01
6.162894e-02
2.493626e-01
2.664575e-01
2.684050e-01
3.010658e-02
1.639790e-02
4.630813e-02
1.491922e-01
1.972774e-02
2.869651e-03
2.593103e-02
1.718086e-01
1.586337e-02
1.861389e-01
1.628665e-01
2.088379e-02
6.832610e-02
9.933296e-02
3.584711e-02
2.091363e-01
1.260573e-01
4.981317e-03
1.928162e-01
-2.397033e-01
-4.512270e-01
2.973401e-01
-1.808880e-01
2.537471e-01
1.405806e-01
-5.040208e-01
-5.318749e-01
9.059724e-02
-5.012860e-01
1.386571e-01
-9.843412e-02
-2.030641e-01
-9.155887e-02
7.185245e-02
-2.365693e-01
4.959969e-01
-2.072873e-01
1.402386e-01
-2.186013e-02
9.119630e-02
6.707415e-02
-4.213863e-01
-2.958491e-01
1.420023e-02
-6.508695e-02
3.442475e-01
-2.171754e-01
1.329602e-01
3.828223e-01
2.684525e-01
5.063060e-01
1.843118e-01
-1.245591e-01
8.176937e-02
7.829380e-02
-4.996161e-01
4.133269e-01
-3.200358e-01
3.530875e-01
-6.365106e-01
-4.500538e-01
-5.374048e-01
2.907917e-01
2.827664e-01
-2.304273e-01
-3.920192e-01
-2.645632e-01
1.511444e-02
1.233474e-01
9.611020e-02
-4.638046e-01
-6.600597e-01
2.367930e-02
-2.813348e-01
-6.422986e-01
-2.226556e-01
-4.534359e-01
2.714365e-01
1.410691e-01
1.830691e-01
-3.494861e-02
-4.544768e-01
5.036627e-01
2.002686e-01
2.493497e-01
-3.200891e-01
-3.239327e-01
4.894574e-01
1.249554e-01
-1.996772e-01
8.638957e-02
1.745664e-01
3.514222e-01
1.852479e-01
-3.309280e-01
-2.770410e-01
2.800493e-01
-4.813098e-01
2.787423e-01
3.186217e-02
-1.471939e-01
3.786499e-01
2.407468e-01
3.782318e-01
-3.647516e-01
-3.738015e-01
-4.623150e-03
7.734038e-02
-2.813338e-01
-1.078295e-01
-3.971852e-02
1.423742e-01
-1.659297e-01
4.637527e-01
3.001861e-01
-1.983652e-01
1.730838e-01
3.891431e-01
-1.877206e-02
-4.387847e-02
-4.046884e-01
-6.949063e-01
-3.178686e-01
-2.856708e-01
-1.987306e-01
7.703644e-02
-1.488890e-01
2.396291e-01
-3.199797e-02
-4.994053e-02
1.458932e-01
2.396494e-01
9.247492e-02
4.376672e-01
-1.017335e-01
-1.132838e-01
-1.683776e-01
1.327619e-01
-5.889750e-02
-2.520023e-01
-8.640722e-02
2.443576e-01
-5.459220e-01
3.306172e-01
1.773955e-01
-2.633896e-01
1.298807e-01
-3.353962e-01
3.903917e-01
7.923339e-02
-2.001141e-01
2.419334e-01
2.697472e-01
-2.440845e-02
3.877451e-01
1.257332e-01
-2.308440e-01
1.181207e-01
-8.696693e-03
-3.792782e-01
2.459397e-01
3.244875e-01
1.335571e-01
8.545397e-02
-3.103972e-03
3.332983e-01
-1.181787e-02
8.856283e-03
-3.146718e-01
-4.142816e-01
4.350259e-01
-3.267125e-01
-2.969944e-01
1.239163e-01
-2.170561e-02
1.237218e-01
7.514990e-02
-1.471264e-01
2.232992e-02
-1.975737e-01
1.011519e-01
-6.938007e-04
-4.303175e-01
-1.675647e-01
2.897199e-01
3.458531e-01
-1.609102e-01
-1.918684e-01
1.534111e-01
-2.947563e-01
-1.802639e-01
-2.099308e-01
6.123450e-01
1.693138e-01
-4.478613e-03
5.938166e-02
-2.326674e-01
-1.676386e-01
3.351951e-02
1.690710e-01
1.987673e-01
-3.982321e-02
2.012861e-01
5.285345e-01
-4.224109e-01
3.925418e-02
-6.733970e-02
-4.312691e-02
4.603140e-01
-1.379363e-01
2.749188e-01
-3.011657e-01
-3.156443e-02
8.309712e-03
6.258747e-01
-2.272392e-02
-9.947645e-02
-1.288733e-01
-3.526577e-02
2.336827e-01
2.829054e-01
1.447642e-01
3.845204e-02
-1.962626e-01
-2.230696e-01
-2.001483e-01
-2.491641e-01
7.461441e-02
-5.542151e-01
-2.641055e-01
1.084219e-01
-5.070822e-01
-4.834318e-01
-3.270918e-01
-1.807507e-01
-2.729301e-01
2.429344e-02
-3.752025e-01
-3.095605e-01
-2.000655e-01
-1.759646e-01
1.833227e-01
-7.577471e-01
-4.238167e-02
4.662828e-01
-2.291814e-01
-3.521598e-01
2.856346e-01
1.567709e-01
3.503300e-01
-5.504036e-03
-2.189755e-01
1.872191e-01
-1.852503e-01
-2.500643e-01
8.270357e-02
3.778736e-01
2.472054e-01
1.277358e-01
-5.250690e-02
-7.447790e-01
5.654337e-02
4.701446e-01
-4.650880e-04
-3.656221e-01
1.404547e-01
-6.770661e-01
-3.870472e-01
1.203877e-01
-2.204421e-01
-1.760158e-01
1.003361e-01
-3.693035e-01
8.307235e-01
1.127009e-01
1.092229e-01
2.050624e-02
3.028854e-01
3.315450e-01
2.339794e-01
2.412723e-01
-1.285238e-01
5.101613e-01
-3.508068e-01
-3.416039e-01
1.325587e-01
3.793478e-01
4.060011e-01
4.606265e-01
-5.896603e-01
-7.120062e-02
-1.322409e-01
6.919911e-02
-3.612055e-01
-1.028007e-01
1.521799e-01
-3.152888e-02
4.312310e-01
-2.552585e-01
-1.947278e-01
-7.765700e-02
2.296560e-02
-4.139548e-01
-1.596045e-01
3.310650e-01
-1.796224e-01
2.495204e-01
-1.146882e-02
-2.869870e-01
-1.154011e-02
2.491372e-01
3.954736e-02
2.293441e-01
7.151952e-02
6.897304e-03
1.501113e-01
2.644168e-01
2.175990e-01
1.144812e-01
2.030276e-01
1.361386e-01
1.247834e-01
2.665399e-01
1.637032e-01
2.216383e-01
2.021780e-01
4.021067e-02
1.959870e-01
1.113407e-01
3.613820e-02
1.812751e-01
1.407166e-01
1.809416e-02
1.480787e-01
5.381326e-01
-4.356782e-01
-2.170649e-01
-1.804671e-01
3.355868e-02
-5.260929e-01
6.186168e-02
5.374955e-01
3.695427e-01
1.505161e-01
3.238905e-01
-3.869683e-01
-1.488458e-01
-6.028918e-02
5.947140e-01
-1.888492e-01
6.977856e-01
-5.413677e-01
-1.991904e-01
-2.824588e-02
-3.700696e-01
-1.180637e-01
-4.013964e-02
8.100933e-01
-2.788296e-02
-3.330492e-02
-3.921899e-01
2.865293e-01
-5.460637e-02
-2.825546e-02
-8.913841e-04
2.344466e-01
-2.420737e-01
1.088352e-01
-4.034942e-01
1.000243e-01
-3.256223e-01
-1.539248e-01
-1.019219e-01
1.212857e-01
-1.559059e-01
-1.728603e-01
1.891504e-01
2.390970e-01
3.519686e-01
-1.439663e-01
-5.561100e-01
-3.713978e-01
-1.060397e-01
-2.640979e-01
5.526122e-02
-5.540766e-01
-1.852703e-01
1.446483e-01
-1.201572e-01
5.041316e-01
1.060425e-01
-1.393138e-01
-3.427643e-01
-3.340834e-01
1.396080e-01
5.074475e-01
1.516213e-01
8.789875e-02
-5.253556e-02
-5.081106e-01
-3.083231e-01
6.769524e-01
-1.752657e-01
-4.677431e-01
-8.267729e-02
3.405136e-01
-5.597605e-03
-5.205943e-02
5.753742e-01
-7.938682e-02
-4.436791e-01
-1.305274e-01
-2.896516e-01
1.829407e-01
-4.483504e-01
-2.721827e-01
-1.873641e-01
4.795424e-01
1.758702e-01
6.573463e-01
-1.940950e-01
2.111913e-01
-2.271417e-01
-4.247707e-01
-8.144195e-02
-1.077989e-01
-3.973965e-02
-7.831714e-02
1.839871e-02
-1.075392e-01
3.940627e-01
-1.706556e-01
-6.685589e-02
-1.425721e-02
8.019722e-02
1.553069e-01
-4.829041e-03
1.293035e-01
2.455082e-01
-2.666433e-01
-1.030449e-01
-1.569360e-01
-1.393469e-01
-1.685573e-01
-2.229493e-01
7.485023e-02
7.166542e-02
5.393449e-02
-3.590778e-02
7.918723e-02
-3.745164e-01
-1.576846e-01
1.505634e-01
6.588479e-02
-2.775824e-02
1.958645e-01
-1.552630e-01
1.718038e-02
3.152173e-01
2.806684e-01
-3.554961e-01
-4.359190e-02
1.996462e-01
7.375713e-02
3.511574e-02
5.782258e-03
-3.232217e-01
3.552879e-01
-3.249870e-02
1.340266e-01
-4.235629e-02
-1.276555e-01
-2.595467e-01
-2.081847e-01
4.610349e-01
-5.833617e-02
2.349709e-02
1.214312e-01
3.716989e-03
-2.045905e-01
-8.430482e-02
-3.035985e-01
4.243275e-01
2.039795e-01
1.516185e-01
3.509411e-02
4.861714e-01
-1.903449e-01
1.060823e-01
7.158463e-02
-4.776476e-02
-1.047928e-01
-1.445193e-01
-2.856707e-01
-3.408368e-02
-5.785541e-02
-1.781336e-01
-1.707670e-01
4.045567e-01
1.441593e-01
2.319971e-02
2.427696e-01
-2.208110e-01
-1.645268e-01
-2.225942e-01
-3.878726e-01
1.490579e-01
-1.661065e-01
5.034780e-01
-1.073338e-01
5.879399e-02
3.215789e-02
-3.103369e-01
2.542999e-01
4.940413e-04
3.052320e-01
-9.271666e-02
-2.368215e-03
-3.665518e-01
-3.006002e-01
-1.643176e-02
2.647527e-01
1.459941e-01
3.275734e-01
6.278613e-01
6.551453e-02
4.816503e-01
-3.220299e-02
6.393025e-02
3.825557e-01
4.495645e-01
-3.017207e-01
-1.717024e-01
-1.942725e-02
-1.994022e-01
-8.665560e-02
5.200579e-01
1.418573e-01
6.561978e-02
-4.854786e-02
2.556987e-02
2.424288e-01
-3.628211e-01
-4.256327e-01
-3.145155e-03
-3.422317e-01
-1.409406e-01
-6.778894e-02
1.257798e-01
1.878182e-02
4.907221e-01
-7.832009e-02
9.621083e-02
-3.302777e-01
-1.881575e-01
4.696891e-01
3.836042e-01
-7.823796e-02
-9.131731e-02
-1.463400e-01
8.993739e-02
4.602596e-01
6.592171e-01
5.786151e-02
3.825748e-02
-2.669915e-01
-1.047723e-02
2.767371e-01
-1.336743e-01
-3.531334e-01
-8.441572e-02
-1.219592e-01
-1.447222e-01
3.480247e-01
6.157987e-02
-1.333399e-01
3.120507e-02
9.632996e-02
1.476719e-01
-1.323271e-01
-6.588286e-02
2.045187e-01
-3.571489e-01
-6.872473e-02
-4.467876e-01
-6.186532e-01
-2.130574e-02
-5.583147e-02
6.314016e-02
4.554333e-01
2.745780e-03
9.028171e-02
8.508819e-02
-3.094718e-02
-1.470295e-01
-3.323742e-01
-1.431492e-01
-2.864484e-01
7.539597e-02
-2.970053e-01
8.001621e-02
1.076492e-01
2.261576e-01
3.651693e-02
-1.830316e-01
5.380133e-02
1.501158e-01
5.505331e-01
2.109302e-03
3.583153e-01
2.282045e-01
2.582049e-01
-1.958304e-01
1.991038e-02
3.481516e-01
-3.121450e-01
-2.222436e-01
1.122447e-01
1.069603e-01
-1.295752e-02
9.372936e-02
1.183822e-01
-1.983960e-02
-3.782929e-02
1.704886e-01
SIG
12
-4.525628e-01
-3.671830e-01
-1.049928e-01
-4.602306e-01
4.240330e-01
6.653446e-02
9.766807e-01
-5.337439e-01
6.841381e-01
3.810999e-01
4.547332e-01
-6.447855e-02
-5.847033e-02
-9.440672e-01
8.296343e-01
-1.344490e-01
2.797802e-01
5.265933e-01
-1.772243e-01
1.169413e-01
-3.078023e-01
8.278940e-01
-6.428878e-01
9.202635e-01
NOISE
384
1.662922e-01
6.783585e-02
1.848561e-01
1.036710e-01
1.361180e-01
1.136138e-01
9.441220e-02
7.568457e-02
2.171788e-01
6.799027e-02
2.718902e-01
2.612197e-01
7.756874e-02
6.315283e-02
7.131131e-02
6.986029e-02
6.776243e-02
1.211277e-01
2.336071e-01
1.745666e-01
5.483596e-02
2.285599e-01
2.787794e-01
4.203112e-02
2.412735e-01
6.748682e-02
1.179286e-01
9.118846e-02
1.227647e-01
9.260941e-02
2.799260e-02
1.898368e-01
1.396075e-02
5.685022e-02
1.411772e-01
7.790035e-02
-2.787834e-01
1.868985e-01
-5.613725e-05
-2.188128e-01
-1.987435e-01
-4.271009e-01
-1.413402e-01
-4.894252e-01
6.111941e-02
1.756750e-01
-3.455879e-01
1.469475e-01
-6.926428e-02
-2.784341e-01
2.309315e-01
1.187631e-01
-2.767014e-01
2.812921e-01
1.260123e-01
-1.238814e-01
2.714895e-01
-1.742150e-01
1.892740e-01
2.798592e-01
8.332458e-02
-4.522031e-01
1.250222e-02
-3.468172e-02
3.316082e-02
-2.153581e-02
-3.355403e-01
-1.176517e-01
-1.842009e-03
1.302538e-01
2.602982e-01
5.148789e-01
2.645950e-01
-2.851604e-01
1.185517e-01
-6.320889e-02
-7.418946e-02
9.506899e-02
2.773908e-01
2.718744e-01
-4.438082e-02
2.572236e-01
-2.055580e-01
-1.819970e-01
3.487172e-01
-2.606615e-02
5.834838e-02
-4.318962e-01
-2.907092e-01
-1.112362e-01
-1.794728e-02
-2.080017e-01
-2.260404e-01
-3.117591e-02
6.508077e-02
1.363549e-02
-5.147536e-02
2.305745e-01
3.913827e-02
-4.328642e-02
-5.450575e-02
4.510996e-01
-1.193514e-01
4.140973e-02
3.043351e-02
3.716638e-01
-1.185860e-01
-1.952030e-01
-7.019278e-02
-4.422452e-01
-6.815019e-03
-8.123402e-02
1.221103e-01
3.446577e-02
1.145090e-01
-8.296512e-02
7.133552e-02
1.504286e-01
2.896380e-01
-1.854929e-01
6.633543e-01
5.061478e-01
-2.525606e-01
6.273930e-02
-1.236321e-01
-4.547902e-02
7.481869e-02
3.012485e-01
1.741877e-01
-5.459960e-02
2.039916e-01
9.705600e-02
3.519090e-01
6.635986e-02
4.722949e-02
4.013086e-01
-1.858461e-01
-3.179358e-01
2.541823e-01
2.889560e-01
-1.972619e-01
-6.023812e-01
-3.258477e-01
-1.411227e-03
-1.129303e-01
4.649318e-02
-8.069112e-02
-7.251514e-02
-3.698081e-01
1.493021e-01
2.545199e-01
-2.160082e-01
-5.262678e-01
1.955286e-01
2.151666e-02
6.230841e-02
2.562431e-02
-3.502895e-01
1.308266e-01
1.556433e-01
-1.961858e-01
-4.719819e-02
-3.044251e-01
-8.919694e-02
-1.030260e-01
2.500683e-03
-1.072184e-01
-4.658254e-01
2.283998e-02
1.047075e-01
-7.678199e-02
2.481372e-01
3.049044e-02
2.032053e-01
-3.833251e-01
1.621876e-01
-2.799263e-01
-1.515572e-01
2.881158e-01
2.902988e-01
3.752224e-01
-3.588577e-01
1.040768e-01
2.378390e-01
-1.600455e-01
-2.996553e-02
3.244965e-01
6.836566e-02
-3.295874e-01
-4.797823e-02
7.412112e-02
-2.323234e-01
4.222505e-01
2.390778e-01
-1.115609e-01
-4.391719e-01
2.631905e-01
-3.713147e-01
-4.553426e-02
-4.531524e-01
5.106582e-02
-4.165415e-01
-3.002675e-01
4.280326e-01
1.098022e-01
-3.259910e-01
2.584165e-01
3.931805e-02
2.720347e-01
1.717000e-01
-5.370922e-01
-2.873037e-01
-3.921023e-02
6.372428e-01
2.559362e-02
-2.933558e-01
-7.540554e-02
3.159395e-02
1.164688e-01
-4.730078e-01
-3.742616e-01
2.577939e-01
-3.876047e-02
2.954018e-01
1.989551e-01
-1.270849e-01
1.760072e-02
-2.777274e-01
-8.142490e-02
-3.323276e-01
-9.508502e-02
-1.067152e-01
-2.003652e-01
6.136057e-01
2.259025e-01
2.469537e-01
2.023801e-01
-5.162448e-01
1.700988e-01
-1.184864e-01
9.549699e-03
-9.569373e-02
4.519868e-02
-4.077837e-01
1.381265e-01
-5.162391e-01
-1.005648e-01
-3.526547e-01
9.493114e-02
3.744115e-01
-5.602259e-01
2.301261e-01
5.310411e-01
-2.327461e-01
-1.525928e-01
3.755879e-01
-1.558504e-03
-2.160333e-01
-5.651815e-01
4.228623e-02
-2.181371e-01
5.357861e-02
6.903888e-01
-1.922001e-01
3.282344e-01
1.936401e-01
1.939028e-01
1.485700e-01
-6.162210e-02
-1.693789e-01
-1.433630e-02
2.108987e-01
3.766060e-01
9.618003e-02
3.769131e-01
-9.944726e-02
3.021671e-01
-3.214761e-01
-2.280306e-01
-3.539279e-01
-9.752201e-02
-1.644033e-01
-3.380184e-01
4.778594e-02
1.133379e-02
2.364224e-01
-3.309842e-02
-1.470426e-01
9.769348e-02
2.145881e-01
-5.325889e-01
9.974947e-02
-1.460518e-03
4.597513e-01
5.005765e-01
2.005177e-01
-1.394535e-01
1.464394e-01
-7.272878e-01
3.922067e-01
6.160483e-02
3.346820e-01
1.162578e-01
3.735932e-02
3.563773e-01
1.542705e-01
-1.998868e-01
1.379200e-02
-1.409279e-01
-3.303506e-01
-2.630546e-01
4.426588e-01
2.748210e-01
3.819779e-01
-2.812020e-02
-3.443524e-01
-4.036131e-01
-1.036539e-01
-4.047944e-01
-1.221585e-02
4.021331e-01
4.861477e-01
-1.547615e-01
3.527602e-01
-2.126275e-02
1.180400e-01
-1.722300e-01
2.697560e-01
2.693818e-01
-1.934888e-02
2.060124e-02
-4.966179e-01
3.002584e-01
-1.068555e-01
1.650498e-01
-6.780951e-02
2.719645e-01
1.035858e-01
-2.218060e-01
-3.640072e-01
1.425134e-01
-1.977738e-03
-4.914946e-02
2.199926e-01
2.457217e-01
1.500566e-01
-1.267936e-01
-2.220841e-01
3.075847e-03
-3.621376e-02
-7.591123e-02
4.124647e-02
-4.751636e-01
-2.118502e-01
-5.482153e-02
-7.248674e-02
4.074046e-02
8.638843e-02
-5.025070e-01
5.619270e-01
4.943659e-02
-3.408047e-01
-8.692283e-02
1.704577e-01
-1.798898e-01
-3.480698e-02
1.687044e-01
-7.020909e-02
1.205283e-01
-1.753596e-01
4.000255e-01
9.349773e-02
-2.615591e-01
-3.481058e-01
5.099287e-01
4.604870e-01
-1.412750e-01
-3.843714e-01
5.647287e-01
6.652709e-02
3.155318e-01
2.127159e-01
3.636930e-01
-3.816514e-01
1.186819e-01
1.688551e-01
1.390028e-02
2.507908e-01
2.427637e-01
2.405904e-02
5.018104e-02
3.789674e-03
1.668731e-01
2.002136e-01
2.146557e-01
6.052022e-02
2.732734e-01
1.370059e-01
1.766865e-02
5.047588e-02
9.567533e-02
2.490380e-01
1.208320e-02
1.005244e-01
1.812284e-01
2.341609e-01
1.262129e-02
2.236793e-01
1.446759e-02
8.384189e-02
7.697349e-02
2.583638e-01
1.712520e-01
1.420485e-01
2.083421e-01
3.171322e-02
2.501715e-01
1.497795e-01
1.553916e-03
4.606600e-02
-3.195638e-01
-3.416218e-01
-3.437683e-02
3.077045e-02
5.226849e-01
7.498294e-02
-5.925656e-02
2.380531e-01
3.098812e-01
-2.249985e-01
-1.444863e-01
-3.125233e-01
-6.182181e-01
1.339118e-01
3.934118e-01
1.021778e-01
-5.596963e-01
1.521768e-01
1.850418e-01
3.175337e-01
-8.162698e-02
-1.431657e-02
3.252338e-01
-5.353894e-01
-8.680085e-01
-2.393747e-01
-1.631572e-02
2.933507e-01
2.493744e-01
-2.586392e-01
3.393419e-01
1.368799e-01
-1.481432e-01
-2.382699e-01
3.615905e-01
1.911748e-01
2.229539e-01
-3.262032e-02
-3.232813e-01
-4.006215e-01
6.449625e-02
1.933091e-01
-6.096150e-02
2.927308e-01
3.133192e-02
-1.868583e-02
-1.437920e-01
-3.066286e-01
-5.897308e-01
3.666364e-02
-6.038148e-02
-1.539284e-01
1.944703e-01
1.345365e-01
-1.581225e-01
-3.921953e-01
-1.728790e-01
1.171701e-01
2.424050e-01
2.894467e-01
-8.206070e-02
9.116935e-02
-1.275656e-01
-2.486193e-01
5.512196e-02
-1.250004e-01
6.386847e-02
2.740794e-03
-5.796950e-01
1.748082e-01
-1.851542e-01
-4.749689e-01
3.375317e-01
-4.936140e-01
-3.813256e-01
-2.124898e-01
-1.219728e-01
1.189543e-01
1.368195e-01
-6.984738e-01
-2.628097e-01
-3.751376e-01
-2.549161e-01
1.126199e-01
-2.673697e-01
1.387163e-01
2.161501e-01
-1.329186e-01
-5.802227e-01
1.501188e-01
-9.388574e-02
-1.121194e-01
-3.274659e-01
8.097687e-02
1.094332e-02
3.552782e-01
-1.592752e-01
4.376542e-01
8.909704e-03
2.523059e-01
1.074237e-03
-7.034184e-02
-3.643281e-01
-1.086822e-01
-2.077250e-01
-2.665841e-02
-4.749407e-01
-1.661693e-01
3.513168e-02
-9.901925e-02
-1.125223e-01
-2.645920e-01
-3.182797e-01
1.539316e-03
3.337505e-01
-2.988726e-01
-5.971100e-02
4.237563e-01
-1.314627e-01
-2.324369e-01
-2.286740e-02
-9.515605e-02
4.029567e-01
5.494271e-01
5.235088e-02
4.172380e-02
-2.924875e-02
-1.055745e-01
-7.305073e-02
3.665322e-01
-1.509103e-03
5.262902e-02
-1.830004e-01
-8.108215e-02
-3.194044e-01
-2.608607e-01
3.363732e-02
2.090435e-01
3.650146e-01
-2.685746e-01
-1.158206e-01
2.730850e-01
5.976369e-02
3.106302e-02
3.446786e-01
2.365387e-01
-6.215822e-02
-1.273037e-01
1.602208e-01
2.703573e-02
-1.401618e-01
2.171331e-01
2.910185e-02
1.293365e-01
8.238278e-03
2.611696e-01
1.392551e-01
1.364295e-02
5.108514e-02
4.693089e-01
-5.183884e-01
1.627420e-01
-8.610460e-03
3.549621e-02
1.796360e-01
2.885793e-01
1.712367e-02
3.760419e-01
3.003572e-01
2.330814e-01
-2.910912e-01
8.084653e-01
3.521067e-01
-3.274835e-01
-2.268143e-02
-4.085764e-01
1.221939e-01
-1.299890e-01
7.376920e-01
7.158867e-02
3.726407e-01
3.596166e-01
2.143711e-01
-2.074610e-01
-4.275350e-01
2.952528e-01
-2.801261e-01
5.160915e-01
-2.325397e-01
1.988977e-01
2.903201e-01
4.344933e-01
-2.011860e-01
2.420490e-01
-7.755220e-02
-2.940807e-01
-3.371162e-02
-1.065273e-01
-2.664457e-01
2.534266e-01
1.051050e-01
-4.004952e-02
-5.117444e-01
3.387174e-01
3.836222e-01
3.503500e-01
1.918400e-01
-4.184740e-01
-1.014584e-01
-1.281464e-01
-2.417654e-01
6.272474e-02
-2.269785e-01
-1.378600e-01
6.477999e-03
-5.367012e-01
-8.221337e-02
8.024394e-02
2.686262e-01
1.237111e-01
-4.817741e-01
6.169799e-03
-2.980978e-01
-3.484355e-01
8.520925e-02
3.353731e-02
1.896732e-01
1.372598e-02
5.115840e-01
-2.200621e-01
1.607488e-01
-1.518260e-02
2.742137e-02
1.681157e-01
3.766498e-01
6.401749e-02
2.455949e-01
-2.575560e-01
-3.573126e-02
8.525702e-03
3.353801e-02
-7.943603e-02
-7.687697e-02
1.006275e-01
-2.499926e-01
3.593349e-01
1.374746e-01
-3.376073e-01
-2.617268e-01
1.559249e-01
-2.797897e-01
-1.408933e-01
3.524889e-01
-1.258957e-01
-2.081409e-01
-3.001312e-01
4.165198e-01
4.972871e-02
1.611712e-01
1.574189e-01
5.544220e-02
3.353179e-01
-2.415450e-01
1.843926e-01
1.478096e-01
-2.673673e-01
-5.320117e-01
2.719991e-02
-2.078152e-01
2.703431e-01
8.814164e-02
-4.916474e-02
-1.873275e-01
-1.310445e-01
-1.305483e-02
-8.379773e-02
1.380191e-01
-1.832139e-03
-4.279049e-02
5.748769e-01
-3.506921e-02
2.082908e-02
2.202085e-01
-6.476175e-02
1.908288e-01
3.717892e-01
-7.236590e-02
-1.179828e-01
-1.269873e-01
3.041303e-01
-1.419476e-01
4.837181e-01
-3.883040e-01
8.895807e-02
-1.496078e-01
3.413745e-01
2.045756e-01
-3.717983e-01
-2.436040e-01
3.534658e-01
-9.308847e-02
-1.874718e-01
-5.603138e-02
5.341037e-01
-2.156291e-01
2.716629e-01
-6.501280e-02
4.176268e-01
3.840783e-02
6.567572e-03
-1.862410e-01
-2.395759e-01
-4.492687e-01
-4.280043e-01
-2.602904e-01
2.752479e-01
-2.117485e-01
-1.303062e-01
-2.627697e-01
2.809368e-01
-1.411555e-01
1.538384e-01
-4.945456e-02
1.622310e-02
4.458424e-01
2.412815e-01
7.014894e-02
-5.875047e-02
1.815898e-01
3.074340e-02
2.549256e-01
-2.752783e-01
3.706884e-01
1.412626e-01
-2.059625e-02
-3.119234e-02
-2.265232e-01
-4.755077e-02
6.610367e-02
-2.539959e-01
4.905350e-01
-3.687623e-01
2.784764e-01
1.800532e-02
1.838671e-01
4.062146e-01
6.777029e-02
3.875843e-01
SIG
16
6.757960e-01
-9.776305e-02
5.231211e-01
1.073023e-01
-1.640466e+00
-7.540295e-01
1.129171e+00
-1.344348e-01
-4.325865e-01
1.926677e-01
4.061218e-01
-5.140518e-01
2.163661e-01
-8.962213e-01
-4.832030e-01
-4.423571e-01
1.333447e-01
1.355236e+00
4.217705e-01
-6.444355e-01
-1.186874e+00
-5.541703e-01
1.056380e+00
3.687882e-01
-7.689055e-01
9.423734e-01
-5.979886e-01
-2.586018e-02
-4.962299e-01
-9.131790e-03
-4.847502e-01
-5.249164e-01
NOISE
621
8.853555e-02
7.999532e-02
1.830335e-02
1.711626e-02
1.637904e-01
2.367289e-01
9.825770e-02
9.855057e-02
1.174559e-02
1.106816e-01
2.450285e-01
7.144449e-03
4.847309e-02
2.350218e-01
3.629114e-03
1.319998e-01
2.352186e-01
2.546336e-01
1.434163e-01
2.372285e-01
1.605576e-01
2.189093e-01
8.845085e-02
3.043174e-02
1.964576e-01
2.097989e-01
1.122689e-01
9.802925e-02
1.537504e-02
1.060282e-01
1.037626e-01
8.037622e-02
2.586282e-01
1.867176e-01
1.203591e-01
1.768051e-01
1.697402e-01
2.773297e-01
2.161854e-01
2.033357e-01
2.490888e-01
3.012360e-03
1.616546e-01
2.748109e-01
1.509333e-01
1.773899e-02
1.597199e-01
6.452394e-02
2.191873e-01
-3.657207e-01
5.013803e-01
-1.286605e-01
-3.757078e-01
-1.235920e-01
2.727601e-01
9.337790e-02
6.127191e-02
-3.276860e-01
-1.537875e-01
-8.381361e-02
5.310331e-01
1.008210e-01
4.330822e-01
3.293403e-01
-4.561339e-01
3.401523e-01
-6.342434e-02
-2.634323e-01
-2.295862e-01
-3.203786e-01
4.468115e-01
1.155918e-01
-3.564105e-01
4.217903e-01
1.086129e-01
-3.938415e-01
2.058308e-01
3.107172e-01
-2.887960e-02
-9.281078e-02
-2.557201e-01
-5.629350e-02
-1.185134e-01
4.307172e-01
-5.459321e-01
3.889169e-01
-1.027103e-01
-8.486903e-01
-1.314156e-01
-1.785875e-02
-4.484536e-01
-1.962572e-01
2.004135e-01
1.981986e-01
-8.675579e-02
-2.798702e-01
2.874921e-01
1.057320e-01
-4.680813e-01
3.517041e-01
-1.224353e-01
-2.966174e-01
-7.188629e-02
-2.293386e-01
-1.964186e-02
-5.065284e-02
-4.658542e-01
-1.034295e-01
6.783389e-01
1.776024e-01
-4.028157e-02
-2.626193e-01
1.483432e-01
-2.455909e-02
3.091295e-01
8.955283e-02
-4.918457e-02
3.688883e-01
4.808877e-01
-1.303410e-01
1.337625e-01
2.655018e-01
9.142295e-02
3.791444e-01
-4.618415e-01
-5.451961e-01
-9.520523e-02
-5.021945e-01
2.679361e-01
4.946417e-01
-3.508572e-01
-4.303742e-01
1.413172e-01
-1.426205e-01
3.504116e-01
1.600320e-02
-5.806853e-01
1.835798e-02
-1.986154e-01
-7.143559e-01
-6.591307e-02
-1.742869e-01
-9.726455e-02
2.002222e-02
-4.550986e-02
2.313600e-01
5.480756e-01
1.397403e-01
3.728248e-01
-2.543644e-01
-3.745374e-02
-1.393631e-01
-4.320097e-01
2.206780e-01
8.683086e-02
1.307785e-01
6.790054e-02
2.328727e-01
5.262697e-01
5.286187e-02
-2.677599e-01
1.543780e-01
-5.066769e-03
-1.720550e-01
-2.882215e-01
1.827204e-01
-6.976840e-02
-7.592827e-02
-1.412362e-02
-1.579853e-01
-3.267706e-02
2.448136e-01
4.650930e-01
-3.290577e-01
-3.030183e-01
-1.018152e-01
-3.225814e-01
-3.667697e-01
4.009701e-01
3.208016e-01
-2.000868e-02
4.724011e-01
5.742954e-01
-4.510615e-01
-1.477102e-01
2.025477e-01
2.690175e-01
-4.111995e-01
3.046889e-01
-1.565046e-01
6.210648e-01
-9.169859e-02
-7.283369e-02
-3.532631e-01
5.303022e-01
8.911704e-02
-2.250460e-01
3.371302e-01
1.025894e-01
8.518623e-02
1.121390e-01
1.412701e-01
-1.009409e-01
-1.501699e-01
1.282032e-01
-4.385174e-01
-2.225475e-01
6.497528e-01
-4.398819e-01
1.951531e-01
4.881151e-01
-3.388068e-01
-3.203343e-01
-1.198159e-01
-2.473976e-01
-2.610533e-01
-2.821724e-01
-1.369209e-01
-2.064848e-01
-2.837679e-01
-1.412061e-01
2.640377e-01
-9.930875e-02
2.397205e-01
-2.847364e-01
2.647559e-01
3.813022e-01
1.027472e-01
-1.552318e-01
5.297777e-02
1.418217e-01
-2.849685e-01
8.060424e-02
-2.109008e-01
1.936923e-01
4.326644e-02
-1.887889e-01
1.392307e-02
1.553329e-01
3.172866e-01
-1.674984e-01
8.916246e-02
-3.091477e-01
2.556732e-01
1.571246e-02
5.453715e-02
2.130003e-01
-5.207844e-02
-1.070536e-01
9.948391e-02
-6.749826e-02
5.653622e-01
-2.122198e-01
3.673441e-01
2.312172e-01
3.761153e-01
1.010201e-01
3.687192e-01
-2.620793e-01
-2.090364e-01
-1.234870e-01
3.347065e-01
3.452171e-02
-3.303751e-01
-9.412349e-02
-3.374334e-01
-9.553327e-02
4.129364e-01
7.377091e-03
4.489189e-01
-1.585630e-01
-1.822903e-01
6.118854e-01
-2.212038e-01
3.228216e-01
2.386146e-01
-2.551243e-01
-1.750606e-01
3.788831e-03
3.115695e-01
2.269799e-01
5.436407e-01
-7.406428e-03
-1.518440e-01
-1.000055e-01
1.513965e-01
-2.847367e-01
5.137040e-01
-3.949267e-02
1.732753e-01
2.501563e-01
1.190454e-01
1.416499e-01
-6.826566e-01
7.679317e-01
-2.261142e-01
1.315891e-01
-9.038381e-02
3.286705e-01
4.202057e-01
2.263498e-02
8.373554e-02
-4.707642e-02
-2.886807e-01
-3.819088e-01
1.750047e-01
2.543408e-01
2.490293e-01
-1.084035e-01
-5.217543e-01
-2.253493e-01
-3.874395e-01
1.419247e-01
1.911054e-01
6.750568e-01
-1.514872e-01
-4.259342e-02
-1.996478e-01
2.184924e-01
5.646657e-02
6.017630e-01
1.580426e-01
4.243008e-02
2.018186e-01
-2.043225e-01
-5.909467e-02
4.277715e-01
2.943861e-01
3.941512e-01
-9.805371e-02
-4.114359e-01
1.012034e-01
-5.737537e-02
-1.966471e-01
-3.044009e-01
1.568757e-01
-2.438658e-01
-7.490044e-01
-2.226728e-01
-6.461974e-02
-7.350617e-02
-3.724070e-02
8.505441e-01
4.290776e-01
3.520032e-01
-5.796990e-01
-1.323123e-01
5.151587e-01
2.426546e-01
-5.556319e-02
6.489685e-03
-2.786792e-01
-1.537683e-01
3.215212e-01
-4.737224e-03
5.113718e-01
4.715612e-01
-2.597812e-01
2.684755e-01
2.983414e-02
6.810454e-01
4.812434e-01
-1.153269e-01
-3.903576e-01
-2.044132e-01
1.884625e-01
-9.952823e-02
-7.113912e-01
5.854610e-01
1.570817e-01
-1.150385e-01
-4.531449e-01
-5.403683e-01
-3.538271e-01
3.467754e-01
-2.240040e-01
-4.676461e-02
-2.901445e-01
2.478688e-01
3.041922e-01
-1.153460e-01
-5.409715e-03
-2.461162e-01
-9.414841e-02
-1.276609e-01
4.757881e-01
3.631563e-01
-1.944075e-02
-2.088819e-02
-2.826073e-01
-7.936629e-02
1.911993e-01
-1.229610e-01
3.851760e-01
2.271769e-01
2.704015e-01
7.046529e-01
1.172651e-02
3.068878e-01
5.428584e-02
2.448757e-01
-7.153670e-01
-4.694468e-02
-8.506292e-02
2.732167e-02
1.909482e-01
2.481959e-01
4.496201e-01
-8.162178e-02
-1.829496e-01
1.338485e-01
1.431307e-01
-5.968816e-01
5.626284e-01
-5.605677e-01
5.546190e-01
-4.244688e-02
-2.353135e-01
7.227492e-01
2.117204e-02
1.265519e-01
-5.878295e-02
-1.787776e-02
-6.193917e-02
-1.596202e-01
1.464128e-01
2.228212e-02
1.035670e-01
4.946146e-02
-4.812158e-02
-2.178697e-01
2.971094e-01
-3.818545e-01
2.916740e-01
2.271587e-01
-8.231432e-03
2.076329e-01
7.364413e-01
3.244301e-02
-3.340764e-01
4.705530e-02
-2.151708e-05
-2.816205e-02
-6.407942e-01
-5.822845e-01
6.276909e-03
4.404535e-01
-1.986022e-01
4.482342e-01
2.045377e-01
-1.330986e-01
1.019413e-01
4.359641e-01
1.119917e-01
5.014055e-01
2.184461e-01
-2.749533e-01
5.399055e-01
3.580298e-01
-3.714811e-01
4.481818e-01
2.394182e-01
-5.132895e-01
8.075688e-02
4.116017e-01
8.710178e-02
-3.023803e-02
-3.567468e-02
3.578073e-01
1.169525e-01
-2.529328e-01
-1.239574e-01
-1.039100e-01
-6.177232e-02
-1.603713e-01
-4.180348e-01
-1.083616e-01
4.088584e-02
-7.170191e-04
2.960601e-01
4.713651e-01
-1.377460e-01
-2.758466e-01
-2.607553e-02
4.349740e-02
-9.343539e-02
-8.563467e-02
-7.228512e-02
-1.100728e-01
-9.768650e-02
2.389337e-01
-2.122879e-01
3.208035e-01
-6.892328e-02
-3.700372e-01
5.225224e-02
-5.853838e-01
7.531200e-02
2.517990e-02
-1.366527e-01
1.543486e-01
2.997265e-01
-1.304515e-02
4.689416e-01
9.200339e-01
-2.040917e-01
-5.267484e-03
4.150455e-02
-4.159391e-01
1.995410e-02
3.454833e-01
3.417965e-01
1.858825e-01
-8.581137e-02
-3.214281e-01
-2.449347e-01
5.683508e-01
-1.215494e-01
-8.996054e-02
1.578094e-01
-1.011060e-01
3.919887e-02
3.645825e-01
3.591679e-02
-3.598929e-01
-6.019295e-01
-1.222851e-01
-4.663183e-01
-2.181377e-02
-3.407206e-01
-2.391889e-01
-1.546765e-02
-2.421094e-02
5.052767e-02
2.462399e-01
4.160606e-02
-1.221623e-01
3.178242e-01
5.441425e-02
-2.954103e-01
2.201932e-01
-1.526204e-01
9.055839e-02
-1.260800e-01
-3.126391e-01
-6.494000e-01
1.615713e-03
-4.164107e-02
2.932875e-01
1.661353e-01
-3.110384e-02
-4.081971e-01
-1.454012e-01
2.061670e-02
-1.608361e-01
-3.603159e-01
-1.198706e-01
-4.824001e-01
-2.608611e-01
-6.705097e-02
2.943907e-01
-1.079444e-01
8.651286e-01
-2.009334e-01
-3.062450e-01
-4.350178e-01
-3.206640e-01
5.369655e-02
-1.092599e-01
4.804742e-02
7.719823e-02
1.669411e-01
-5.826660e-01
2.688818e-01
6.521640e-02
1.966812e-01
7.557819e-02
1.239123e-01
2.363640e-01
-2.800758e-01
3.795581e-01
-2.403584e-01
5.253091e-01
9.347856e-02
4.920989e-02
-5.171605e-02
-3.867206e-02
3.115311e-01
7.402007e-02
2.747642e-01
2.256128e-01
-2.518448e-01
3.125632e-01
7.704048e-02
2.660301e-01
-7.358291e-02
1.215537e-01
9.338091e-02
-5.292017e-01
-1.855615e-01
2.701237e-01
-2.346124e-01
-6.124581e-02
3.653374e-01
-2.883406e-01
-3.404861e-04
-2.976973e-01
-2.242348e-02
1.797950e-01
-1.087706e-01
2.556428e-01
-4.701755e-02
7.749026e-02
4.662350e-01
-8.723853e-02
-3.624891e-01
2.308700e-01
-5.965783e-01
8.163134e-02
2.690616e-01
6.569689e-02
1.246144e-01
2.797475e-02
3.595376e-02
2.267348e-01
7.209182e-02
1.414011e-01
1.479255e-01
5.545131e-03
2.480569e-01
1.301368e-01
2.771685e-01
1.610718e-01
2.472906e-01
6.831342e-02
3.325082e-02
4.282368e-02
1.682742e-02
5.662679e-02
2.455759e-01
2.180361e-01
2.635729e-01
2.284040e-02
1.976829e-02
2.764236e-01
1.475595e-01
2.227949e-01
8.761174e-02
3.352136e-02
1.372998e-01
1.174583e-01
2.590390e-01
4.510144e-02
5.758902e-02
4.245173e-02
2.708775e-01
2.117591e-01
5.839344e-02
1.882888e-01
6.210192e-02
1.270813e-01
2.659781e-01
1.645974e-01
4.178344e-02
1.780582e-01
5.212868e-02
2.344556e-02
6.050789e-02
1.488986e-01
-2.047114e-02
-2.153512e-01
-1.855269e-01
3.551851e-01
1.994687e-01
-2.049564e-01
3.979664e-02
9.516591e-02
-2.418966e-01
1.481289e-01
4.739457e-01
1.077514e-01
-1.310833e-02
-5.435957e-02
7.232505e-02
-1.014239e-01
-8.614608e-03
2.136150e-01
-8.422259e-04
1.988389e-01
9.395967e-02
2.503943e-02
3.423505e-02
-7.690427e-02
3.644013e-01
9.810625e-02
9.230578e-02
3.758132e-02
-3.484602e-01
-2.460297e-01
-2.452210e-01
2.724959e-01
1.207928e-01
6.065777e-02
3.440901e-01
1.759599e-02
1.762273e-02
4.461847e-02
-2.859895e-02
-6.233123e-02
-1.102761e-01
-3.919016e-01
1.676476e-01
-1.378468e-01
-9.018268e-02
6.662373e-02
-3.239724e-02
1.754360e-01
1.966199e-01
-1.980460e-01
-1.449909e-01
1.751840e-01
-2.741550e-01
-2.557951e-01
-1.103539e-01
-3.124203e-01
5.995201e-02
-5.215919e-01
1.165706e-01
-3.170102e-01
3.104485e-01
-4.720688e-03
5.936367e-01
2.356231e-01
1.722067e-01
5.100728e-01
-4.316423e-01
1.642484e-01
5.337856e-02
6.341722e-02
-2.559233e-01
-7.457262e-02
1.167906e-01
1.706853e-01
1.979316e-01
2.298397e-01
-2.479739e-01
5.333007e-01
-2.365571e-02
-2.187287e-01
-3.045943e-01
-4.203494e-01
1.216040e-01
-6.991573e-01
-3.391873e-01
-1.373301e-01
4.328671e-02
5.175268e-02
-1.733236e-01
-1.069898e-01
3.244017e-02
-5.933583e-01
-5.026036e-01
-1.416550e-01
7.922441e-02
2.270811e-01
3.073290e-01
6.121273e-02
-2.794337e-02
3.266239e-02
-3.671642e-01
-8.837912e-02
-5.269025e-02
-2.414405e-01
-4.588105e-01
-5.919868e-01
1.925295e-02
-3.034582e-01
2.039739e-03
-1.710992e-01
3.027015e-01
8.022207e-03
1.719662e-01
2.409297e-01
2.567109e-01
-4.417948e-01
4.183731e-01
-3.531190e-01
9.554883e-02
4.451865e-01
-9.023385e-02
-1.242017e-01
-5.780895e-01
-4.737562e-02
3.205881e-01
1.589451e-01
-2.936595e-01
-4.146179e-01
4.199182e-02
-4.488735e-01
2.939430e-01
1.492762e-01
3.734897e-01
-1.462617e-01
-4.711611e-01
-1.654182e-01
1.443503e-01
-2.008702e-01
1.974176e-01
1.656032e-01
-2.880078e-01
2.824778e-01
-9.813695e-02
1.497302e-01
-2.433427e-01
-4.692846e-01
1.166667e-01
9.543469e-02
1.512109e-01
-4.605645e-01
4.677040e-02
-3.032577e-03
-3.124459e-01
5.501772e-02
1.381820e-01
-1.340464e-01
-1.229700e-01
-4.536522e-01
5.283151e-01
-1.890879e-02
1.420513e-03
7.278479e-01
-1.133588e-01
-1.394745e-01
3.759833e-01
-5.046334e-02
1.865648e-01
2.054314e-01
7.881745e-02
2.090270e-01
-2.045732e-01
-3.657412e-02
-1.568739e-01
3.658344e-01
5.410065e-01
4.892966e-01
-1.426337e-01
1.888714e-01
9.657821e-02
-9.028635e-02
1.823875e-01
-1.024050e-02
-2.127003e-01
1.871532e-01
-4.974560e-01
-5.659905e-01
1.319468e-01
1.370300e-01
-1.344498e-01
3.029916e-01
-1.548899e-02
-1.308939e-02
2.566628e-01
-3.110409e-01
-2.069468e-01
1.703584e-01
-5.055733e-02
3.819617e-01
-1.517188e-01
1.513468e-01
3.182854e-01
4.057751e-01
-1.141346e-01
-4.454516e-01
2.363616e-01
-3.314845e-01
2.276626e-01
2.186048e-01
-2.284072e-01
2.089022e-01
1.820801e-01
-3.742668e-01
1.420933e-02
-6.228718e-02
9.863878e-02
-8.353850e-02
-2.042046e-01
-3.131546e-01
-1.842691e-01
-2.024079e-01
-1.056379e-01
4.084017e-01
2.039796e-01
2.592145e-01
-9.992269e-02
-3.417050e-01
1.611282e-01
-6.596842e-02
-1.665566e-01
-2.505098e-01
-7.991195e-02
-1.397155e-01
-2.850959e-01
4.755402e-02
-1.144539e-01
-1.373865e-01
3.651963e-01
2.340434e-03
-4.800571e-01
-4.107942e-02
-3.201363e-01
-2.562942e-01
-6.675329e-01
5.188886e-02
-9.339067e-02
-2.723328e-01
2.767554e-01
1.368924e-01
-6.978640e-01
-5.739299e-01
2.684516e-01
5.781379e-01
-1.492659e-01
6.222103e-02
-5.115979e-02
1.293112e-02
7.469555e-02
1.895556e-01
1.496385e-01
-3.660738e-03
3.947943e-01
-3.136511e-01
1.659341e-01
-1.250222e-02
-9.459744e-02
1.800630e-01
-3.985709e-01
2.770793e-01
-7.227077e-02
3.301387e-01
2.470809e-01
-5.058717e-01
-2.257768e-01
4.506808e-01
-3.259630e-02
-9.692669e-02
-6.290113e-01
4.325991e-02
1.963452e-01
-6.090849e-02
2.612580e-01
2.681155e-02
-2.442161e-01
-2.295811e-01
3.479981e-01
-3.205329e-02
2.077568e-01
-4.248977e-01
-1.569486e-01
-3.587104e-01
1.558477e-01
-3.215492e-01
2.101863e-01
-3.729716e-01
6.979354e-02
7.615986e-01
-3.193724e-02
-4.342832e-01
4.217433e-02
6.783141e-01
-3.544345e-01
6.318486e-01
-1.814451e-02
9.684390e-02
1.230921e-01
4.994227e-01
6.960392e-01
-2.394034e-01
1.378381e-01
3.593630e-01
1.671165e-01
-3.040048e-01
3.660511e-01
1.388354e-01
3.368633e-01
1.296676e-01
8.627775e-03
2.638156e-01
-8.391946e-02
-4.169304e-01
1.008007e-01
-3.590939e-01
-5.714605e-01
-4.355767e-01
-3.952211e-01
-2.247402e-01
5.655196e-01
8.274879e-02
-3.336796e-01
-5.324750e-01
-8.765285e-03
-2.122048e-01
1.504836e-01
4.070505e-01
4.207985e-01
-4.110861e-02
-1.529463e-01
-2.267775e-01
-3.970539e-02
4.160625e-02
-3.755126e-01
1.230436e-01
5.195170e-02
4.195167e-02
-2.357844e-02
1.907722e-01
2.559728e-01
-2.174229e-01
-4.352083e-02
-4.256471e-01
1.617999e-01
1.748891e-01
1.014058e-01
-3.044162e-02
1.231415e-01
4.089756e-02
-4.941258e-02
2.402498e-02
-1.682040e-01
-2.411510e-01
-4.197214e-01
3.578399e-01
-2.703569e-01
-2.037017e-01
-1.531277e-01
6.092787e-02
2.013088e-01
-1.178370e-02
1.714720e-01
8.754215e-02
-2.488049e-01
1.182832e-01
2.483180e-01
-2.115365e-01
-5.478755e-01
6.312658e-01
1.049038e-01
1.153966e-01
-1.833225e-01
7.218737e-02
1.762832e-01
-3.372758e-01
2.017150e-01
-1.797989e-01
-2.921786e-01
2.650504e-01
2.808751e-01
4.562557e-02
2.663460e-01
-2.780898e-01
1.269979e-01
-4.284255e-01
-2.037068e-01
-2.754612e-01
2.925734e-02
2.191339e-01
7.376210e-02
6.697678e-02
-4.452458e-01
-2.203316e-01
3.803712e-01
-4.500907e-01
1.519241e-01
-1.877204e-01
-1.667701e-01
5.782721e-01
-5.671286e-02
4.864907e-01
2.787691e-01
2.917980e-01
4.142133e-04
-2.100350e-01
2.085075e-02
-2.935468e-01
-5.931442e-01
-6.163161e-01
3.296835e-01
2.961607e-01
-5.192203e-01
-1.917812e-01
9.846975e-02
-1.059287e-01
7.929593e-02
3.938720e-01
-2.249807e-01
3.060352e-01
-2.701130e-02
3.453705e-02
-1.269822e-01
7.654088e-03
8.506069e-01
4.779287e-01
-8.131771e-02
-4.721159e-01
-8.083557e-02
9.200244e-02
-3.375402e-01
4.916641e-01
-2.611925e-01
9.525947e-02
-1.213808e-01
3.379285e-01
-2.134759e-01
-4.952826e-01
-3.059327e-02
5.097046e-02
-2.622824e-01
-9.147833e-02
-2.197431e-01
3.047945e-01
4.128888e-02
5.975189e-02
-2.570048e-01
-4.730168e-01
-6.586416e-02
-8.912504e-02
-7.783402e-02
6.635286e-01
-7.298809e-02
-2.854916e-01
-1.836226e-01
3.255565e-01
1.374238e-01
7.480863e-01
2.749615e-01
3.420918e-01
-9.431518e-02
-1.592838e-01
-5.838269e-02
2.952105e-01
9.165039e-02
-2.473756e-01
5.487514e-01
2.592680e-01
1.649453e-01
3.665512e-01
3.453045e-01
-3.613347e-01
-2.442874e-02
2.220904e-01
-3.134966e-01
-2.748123e-01
-3.619458e-02
-1.675929e-01
-1.852410e-01
4.428366e-01
-1.170143e-01
-4.565889e-02
-8.967354e-02
-1.560283e-01
1.761831e-01
-4.307047e-01
1.103123e-01
3.230684e-01
-1.164545e-01
-1.434472e-01
7.805416e-01
7.806513e-02
-3.661874e-01
1.114291e-01
3.222735e-02
5.004456e-01
-1.636525e-01
2.425686e-01
4.063132e-01
-3.840147e-02
-1.471487e-01
1.712160e-01
1.824826e-01
9.830480e-02
-4.463445e-01
1.756627e-01
3.517429e-01
-2.736332e-01
-1.567240e-01
1.353365e-01
-1.900145e-01
-5.686248e-02
1.107293e-01
-2.046979e-01
-1.626131e-01
-1.865638e-01
-2.414198e-01
-4.702973e-02
5.428662e-02
3.596728e-01
4.204998e-01
5.986123e-01
1.363308e-01
1.584886e-01
3.028452e-01
-3.675983e-01
2.745811e-01
-1.396901e-02
-3.283543e-01
-3.932510e-01
8.742142e-02
2.678187e-01
3.372171e-01
-7.827545e-02
5.982748e-02
3.535987e-01
7.891242e-03
-3.647127e-01
5.672975e-01
-1.938840e-02
-4.769901e-01
-5.672038e-01
8.308398e-03
-1.214049e-01
2.823246e-01
5.104196e-02
1.627634e-01
-7.367055e-02
2.815124e-01
-3.013466e-01
3.716125e-02
5.718916e-02
-3.804886e-01
3.511850e-01
-3.359717e-02
-3.185720e-01
2.429104e-01
1.101449e-01
2.634689e-01
-4.996544e-01
-2.287682e-02
-8.243317e-02
-2.151161e-01
-2.894340e-01
-2.163757e-01
-1.583847e-01
-1.693059e-01
END